Sampler:TPESampler
(25, 36), 34.0
(7, 88), 24.0
(14, 54), 34.0
(23, 46), 30.0
(20, 63), 34.0
(22, 7), 27.0
(51, 37), 26.0
(81, 19), 34.0
(48, 50), 22.0
(23, 63), 20.0
(49, 94), 35.0
(49, 99), 30.0
(70, 28), 30.0
(38, 78), 20.0
(64, 75), 36.0
(96, 78), 33.0
(69, 96), 33.0
(63, 80), 46.0
(67, 74), 28.0
(83, 70), 40.0
(92, 60), 34.0
(79, 71), 20.0
(63, 86), 32.0
(85, 70), 34.0
(59, 86), 33.0
(75, 79), 39.0
(88, 81), 20.0
(78, 67), 43.0
(76, 65), 42.0
(40, 41), None
(59, 57), None
(99, 68), 40.0
(99, 63), 34.0
(75, 53), 34.0
(93, 67), 25.0
(75, 92), 28.0
(89, 48), 30.0
(83, 86), 20.0
(57, 57), None
(10, 64), 30.0
(79, 42), 26.0
(87, 68), 34.0
(2, 1), None
(72, 82), 41.0
(69, 82), 26.0
(74, 76), 20.0
(55, 91), 42.0
(54, 88), 40.0
(37, 91), 37.0
(65, 98), 49.0
