Sampler:TPESampler
(22, 186, 7, 43, 218, 150), 41.0
(189, 208, 233, 150, 78, 230), 55.0
(52, 145, 284, 208, 289, 123), 46.0
(78, 40, 168, 277, 271, 240), 34.0
(152, 73, 21, 232, 167, 95), 52.0
(126, 229, 72, 28, 36, 194), 40.0
(16, 110, 221, 225, 104, 295), 38.0
(200, 223, 191, 135, 271, 136), 40.0
(102, 247, 48, 15, 173, 170), 50.0
(65, 240, 84, 219, 126, 149), 56.0
(286, 12, 129, 299, 221, 52), 36.0
(262, 1, 134, 299, 231, 21), 38.0
(282, 3, 137, 292, 223, 10), 49.0
(226, 60, 162, 268, 255, 60), None
(88, 52, 116, 159, 299, 261), 48.0
(167, 285, 181, 95, 199, 219), 44.0
(233, 29, 99, 260, 250, 74), 40.0
(122, 98, 220, 187, 194, 295), 40.0
(299, 143, 281, 258, 139, 56), 45.0
(52, 31, 165, 117, 251, 244), 47.0
(248, 103, 244, 181, 191, 107), 48.0
(268, 9, 127, 288, 230, 2), 42.0
(259, 31, 139, 296, 267, 42), 44.0
(214, 5, 201, 255, 226, 23), 40.0
(294, 80, 108, 276, 283, 32), 42.0
(38, 131, 253, 248, 110, 297), 46.0
(10, 116, 220, 233, 72, 269), 40.0
(84, 167, 159, 200, 79, 194), 45.0
(0, 50, 261, 229, 22, 279), 57.0
(35, 169, 203, 87, 155, 246), 44.0
(25, 86, 176, 278, 111, 183), 46.0
(172, 24, 127, 298, 240, 88), 50.0
(275, 52, 151, 244, 199, 213), 58.0
(248, 16, 86, 275, 217, 51), 40.0
(139, 41, 216, 276, 91, 22), 34.0
(131, 70, 224, 204, 61, 116), 48.0
(106, 40, 193, 237, 95, 76), 38.0
(109, 39, 196, 241, 95, 80), 46.0
(70, 67, 58, 217, 50, 155), 59.0
(142, 45, 297, 278, 133, 99), 42.0
(155, 91, 21, 271, 9, 69), 49.0
(105, 108, 212, 220, 93, 39), 38.0
(99, 128, 174, 163, 92, 36), 50.0
(115, 15, 208, 257, 156, 14), 48.0
(192, 206, 184, 239, 42, 129), 42.0
(82, 68, 234, 286, 79, 44), 46.0
(137, 40, 264, 54, 121, 64), 56.0
(98, 58, 149, 215, 174, 2), 46.0
(161, 19, 211, 189, 92, 31), 40.0
(177, 77, 189, 266, 60, 89), 36.0
(66, 114, 236, 268, 28, 93), 52.0
(173, 79, 172, 262, 62, 233), 56.0
(51, 39, 190, 286, 107, 145), 46.0
(210, 103, 228, 223, 143, 278), 60.0
(124, 94, 210, 253, 282, 53), 40.0
(150, 60, 150, 282, 54, 82), None
(286, 0, 129, 297, 263, 18), 38.0
(293, 5, 119, 292, 259, 25), 48.0
(230, 23, 88, 295, 272, 14), 50.0
(265, 4, 136, 296, 211, 19), 38.0
(243, 34, 104, 266, 210, 67), 48.0
(260, 11, 135, 299, 299, 13), None
(284, 0, 167, 284, 244, 0), None
(277, 23, 159, 269, 240, 47), 36.0
(285, 19, 144, 273, 181, 48), 40.0
(269, 26, 159, 249, 237, 32), 38.0
(74, 285, 189, 228, 70, 60), 35.0
(220, 277, 183, 262, 263, 106), 62.0
(241, 295, 113, 252, 229, 59), 64.0
(90, 226, 191, 236, 68, 73), 51.0
(75, 268, 159, 235, 119, 81), 56.0
(56, 30, 157, 246, 245, 29), 43.0
(273, 204, 246, 248, 83, 259), 50.0
(109, 52, 198, 209, 100, 37), 40.0
(179, 44, 179, 131, 238, 61), None
(253, 24, 170, 277, 233, 49), 49.0
(16, 165, 218, 229, 252, 196), 56.0
(92, 77, 194, 198, 44, 40), 36.0
(116, 243, 188, 264, 41, 116), None
(77, 125, 203, 192, 8, 43), 50.0
(91, 78, 119, 174, 208, 57), 52.0
(33, 13, 126, 288, 282, 255), 48.0
(55, 155, 219, 199, 53, 24), 46.0
(133, 188, 193, 271, 271, 90), None
(277, 35, 144, 280, 27, 170), 38.0
(105, 85, 178, 215, 86, 41), 48.0
(45, 60, 146, 257, 25, 208), 44.0
(294, 27, 162, 270, 223, 7), 44.0
(265, 9, 154, 8, 69, 31), 53.0
(201, 48, 166, 244, 61, 290), 46.0
(24, 143, 229, 226, 73, 241), 46.0
(97, 65, 214, 291, 37, 20), 40.0
(66, 74, 203, 211, 103, 47), 68.0
(83, 36, 144, 281, 32, 75), 48.0
(273, 54, 129, 279, 291, 175), 55.0
(299, 2, 185, 299, 213, 18), None
(281, 18, 173, 291, 45, 53), 32.0
(118, 40, 199, 259, 47, 39), 34.0
(144, 43, 197, 259, 44, 54), 42.0
(129, 27, 176, 266, 58, 34), 40.0
(123, 257, 171, 241, 47, 64), 44.0
(119, 114, 208, 225, 19, 42), 42.0
(288, 15, 162, 290, 259, 35), 35.0
(289, 19, 183, 288, 16, 71), 37.0
(280, 19, 183, 291, 18, 67), 48.0
(286, 16, 189, 288, 50, 99), 44.0
(291, 9, 203, 274, 1, 53), 38.0
(292, 30, 164, 283, 38, 71), 38.0
(258, 22, 174, 273, 277, 26), 55.0
(75, 48, 179, 255, 13, 58), 60.0
(253, 36, 154, 291, 32, 85), 40.0
(94, 108, 215, 264, 77, 37), 46.0
(271, 11, 169, 250, 259, 45), 42.0
(114, 41, 194, 285, 65, 78), 36.0
(138, 216, 196, 285, 64, 8), 38.0
(154, 31, 184, 276, 58, 62), 38.0
(60, 56, 193, 293, 86, 52), 32.0
(86, 57, 200, 294, 84, 48), 46.0
(111, 42, 207, 299, 68, 154), 54.0
(60, 66, 225, 267, 75, 52), 40.0
(102, 234, 192, 148, 55, 78), 46.0
(71, 48, 187, 284, 246, 37), 40.0
(162, 19, 179, 288, 50, 69), 54.0
(48, 73, 165, 278, 65, 57), 32.0
(40, 62, 166, 278, 87, 58), 45.0
(63, 72, 138, 271, 64, 29), 46.0
(48, 87, 162, 261, 45, 136), 49.0
(76, 54, 173, 281, 113, 42), 45.0
(58, 78, 153, 292, 80, 48), 38.0
(81, 40, 194, 268, 255, 61), 41.0
(146, 93, 206, 54, 162, 53), 48.0
(280, 34, 184, 276, 71, 70), 46.0
(69, 13, 197, 284, 31, 85), 67.0
(296, 25, 158, 92, 64, 76), 44.0
(287, 45, 176, 293, 268, 94), 38.0
(30, 21, 170, 299, 53, 65), 52.0
(42, 31, 182, 258, 41, 35), 58.0
(134, 7, 193, 285, 88, 23), 38.0
(115, 55, 0, 271, 100, 41), 46.0
(277, 37, 186, 279, 74, 105), 40.0
(187, 70, 211, 179, 35, 56), 46.0
(267, 27, 160, 261, 240, 29), 51.0
(109, 43, 199, 289, 81, 80), 46.0
(20, 96, 238, 294, 131, 226), 40.0
(289, 13, 149, 247, 236, 45), 42.0
(7, 64, 219, 276, 91, 279), 47.0
(299, 50, 165, 283, 38, 70), 38.0
(298, 83, 166, 105, 47, 65), 72.0
(282, 7, 203, 274, 11, 51), 38.0
(288, 29, 174, 289, 25, 74), 38.0
(127, 189, 180, 266, 2, 53), 40.0
(293, 18, 189, 283, 21, 61), 44.0
(92, 44, 176, 232, 269, 91), 38.0
(275, 0, 142, 299, 279, 15), 56.0
(131, 9, 191, 289, 60, 25), 30.0
(52, 51, 95, 287, 57, 36), 48.0
(264, 15, 134, 294, 187, 23), 44.0
(125, 36, 147, 280, 66, 41), 62.0
(118, 74, 192, 219, 95, 31), 55.0
(278, 23, 123, 270, 28, 189), 36.0
(140, 23, 68, 255, 59, 201), 48.0
(271, 23, 38, 253, 220, 189), 38.0
(279, 32, 107, 275, 290, 47), 36.0
(284, 16, 107, 270, 286, 47), 52.0
(278, 30, 111, 275, 293, 55), 40.0
(148, 7, 120, 262, 261, 39), 42.0
(132, 23, 95, 289, 46, 8), 50.0
(63, 39, 102, 280, 299, 159), 30.0
(62, 39, 123, 269, 289, 182), 42.0
(72, 59, 80, 278, 299, 138), 37.0
(82, 46, 104, 263, 293, 212), 43.0
(66, 58, 102, 278, 276, 163), 44.0
(51, 34, 91, 286, 52, 48), 48.0
(100, 15, 110, 294, 250, 58), 32.0
(99, 11, 112, 294, 256, 33), 50.0
(103, 32, 130, 272, 73, 165), 42.0
(111, 39, 113, 299, 251, 61), 50.0
(78, 4, 99, 282, 263, 147), 36.0
(87, 4, 83, 293, 246, 119), 38.0
(81, 15, 99, 162, 287, 128), 38.0
(92, 25, 117, 281, 264, 25), None
(77, 0, 106, 195, 272, 46), 42.0
(59, 299, 94, 284, 58, 267), 35.0
(57, 292, 79, 273, 61, 265), 47.0
(69, 282, 94, 287, 252, 217), 38.0
(120, 265, 88, 266, 53, 236), 38.0
(60, 298, 197, 282, 68, 147), 34.0
(47, 299, 99, 282, 230, 248), 40.0
(63, 291, 200, 281, 299, 149), 40.0
(56, 281, 207, 272, 70, 285), 37.0
(45, 293, 188, 292, 63, 270), 39.0
(60, 290, 109, 287, 144, 140), 54.0
(71, 298, 195, 294, 43, 131), 40.0
(88, 18, 74, 24, 77, 159), 68.0
(78, 10, 116, 277, 276, 224), 53.0
(66, 8, 102, 205, 56, 38), 54.0
(281, 135, 124, 268, 257, 180), 40.0
(97, 289, 201, 282, 69, 173), 45.0
(54, 285, 155, 276, 282, 146), 39.0
(223, 15, 171, 289, 49, 113), 48.0
(36, 30, 213, 294, 65, 58), 48.0
(74, 21, 192, 285, 60, 51), 46.0
(130, 41, 182, 170, 267, 155), 38.0
(114, 27, 188, 280, 246, 203), 40.0
(123, 51, 161, 266, 55, 255), 39.0
(104, 273, 89, 289, 199, 44), 40.0
(273, 7, 196, 298, 38, 143), 39.0
(67, 101, 106, 274, 68, 56), 42.0
(142, 81, 169, 259, 77, 30), 38.0
(86, 178, 97, 285, 47, 39), 54.0
(48, 32, 178, 299, 263, 50), 49.0
(288, 18, 185, 292, 32, 61), 42.0
(58, 299, 210, 274, 69, 45), 42.0
(53, 37, 206, 270, 60, 271), 45.0
(62, 278, 204, 151, 82, 251), 42.0
(41, 286, 199, 280, 74, 287), 45.0
(55, 281, 216, 271, 294, 289), 62.0
(71, 65, 69, 278, 299, 134), 52.0
(282, 45, 206, 262, 65, 293), 54.0
(213, 59, 86, 286, 293, 141), 40.0
(294, 23, 187, 290, 21, 66), 50.0
(73, 14, 178, 281, 299, 151), 40.0
(276, 89, 189, 287, 16, 299), 48.0
(62, 71, 62, 275, 53, 274), None
(286, 198, 79, 284, 287, 160), 40.0
(205, 54, 117, 291, 173, 189), 56.0
(239, 26, 192, 269, 71, 240), 38.0
(74, 5, 99, 276, 57, 53), 66.0
(289, 19, 198, 295, 27, 70), 40.0
(137, 35, 182, 284, 41, 77), 58.0
(67, 153, 110, 265, 258, 101), 56.0
(77, 12, 224, 279, 62, 59), 51.0
(83, 42, 167, 272, 274, 262), 54.0
(281, 75, 92, 278, 8, 17), 55.0
(63, 294, 158, 75, 282, 65), 38.0
(57, 20, 195, 289, 251, 283), 43.0
(50, 273, 172, 299, 49, 84), 45.0
(97, 48, 202, 280, 62, 127), 38.0
(159, 0, 104, 285, 294, 148), 40.0
(271, 11, 182, 271, 242, 35), None
(91, 61, 81, 125, 71, 49), 51.0
(132, 40, 192, 182, 260, 155), 36.0
(126, 38, 194, 171, 265, 158), 38.0
(129, 34, 188, 179, 259, 150), 53.0
(135, 27, 209, 292, 254, 164), 36.0
(133, 28, 207, 293, 256, 164), 44.0
(148, 26, 164, 291, 265, 168), 38.0
(116, 42, 218, 197, 250, 157), 51.0
(134, 48, 199, 184, 245, 152), 42.0
(145, 31, 211, 210, 252, 144), 46.0
(139, 253, 213, 276, 269, 44), 54.0
(122, 16, 193, 287, 56, 56), None
(291, 22, 153, 293, 236, 41), 46.0
(281, 35, 204, 284, 84, 176), 36.0
(286, 37, 201, 284, 89, 165), 42.0
(277, 28, 188, 295, 79, 172), 48.0
(258, 33, 176, 188, 83, 28), 38.0
(267, 19, 276, 288, 263, 169), 41.0
(280, 219, 195, 299, 51, 192), 52.0
(80, 44, 131, 278, 299, 139), 40.0
(108, 55, 97, 282, 101, 157), 56.0
(294, 12, 123, 289, 44, 51), 38.0
(70, 48, 104, 266, 254, 175), 48.0
(285, 6, 182, 202, 32, 183), 36.0
(276, 2, 112, 192, 40, 182), 44.0
(138, 8, 184, 236, 272, 178), 44.0
(284, 7, 174, 213, 35, 187), 34.0
(283, 9, 170, 216, 34, 184), 38.0
(283, 4, 162, 221, 29, 189), 47.0
(170, 5, 176, 207, 45, 38), 38.0
(270, 15, 171, 203, 35, 184), 40.0
(290, 22, 180, 203, 36, 201), 60.0
(275, 299, 191, 213, 30, 199), 66.0
(153, 12, 159, 203, 114, 45), 56.0
(192, 40, 204, 228, 94, 195), 44.0
(126, 33, 200, 197, 43, 171), 42.0
(121, 39, 186, 210, 64, 176), 34.0
(131, 122, 181, 214, 225, 20), 46.0
(119, 27, 167, 223, 76, 186), 50.0
(115, 82, 187, 217, 63, 163), 40.0
(103, 17, 228, 209, 152, 34), 48.0
(123, 40, 172, 259, 57, 174), 58.0
(132, 36, 175, 281, 65, 178), 42.0
(143, 29, 191, 254, 51, 207), 40.0
(112, 44, 139, 199, 85, 25), 52.0
(299, 6, 151, 195, 69, 54), 62.0
(87, 1, 184, 295, 245, 179), 35.0
(90, 0, 186, 295, 248, 49), 44.0
(81, 6, 181, 188, 240, 181), None
(127, 50, 197, 271, 57, 168), 35.0
(85, 52, 210, 295, 55, 168), 40.0
(128, 50, 192, 264, 58, 163), 48.0
(120, 44, 199, 292, 165, 40), 46.0
(138, 67, 205, 270, 47, 177), 39.0
(92, 10, 184, 207, 25, 193), 46.0
(77, 35, 197, 286, 249, 172), 62.0
(135, 3, 219, 152, 39, 178), 60.0
(282, 25, 177, 277, 51, 168), 44.0
(128, 32, 160, 271, 258, 179), 42.0
(43, 38, 166, 284, 76, 184), 52.0
(261, 22, 195, 275, 125, 233), 48.0
(59, 49, 189, 299, 34, 160), 42.0
(141, 28, 176, 210, 42, 13), 34.0
(232, 43, 175, 231, 67, 13), 44.0
(123, 38, 173, 223, 61, 188), 50.0
(143, 31, 165, 289, 70, 20), 47.0
(137, 23, 211, 282, 88, 2), 47.0
(152, 235, 178, 214, 48, 27), 49.0
(69, 0, 98, 282, 268, 14), 48.0
(142, 13, 154, 244, 238, 156), 38.0
(100, 294, 107, 261, 56, 32), 44.0
(103, 55, 185, 202, 38, 23), 36.0
(178, 57, 182, 195, 42, 10), 42.0
(54, 161, 202, 299, 208, 60), 38.0
(65, 77, 191, 275, 260, 150), 43.0
(274, 15, 166, 212, 29, 222), 42.0
(95, 55, 27, 205, 63, 22), 49.0
(148, 287, 93, 141, 254, 168), 38.0
(109, 7, 101, 290, 38, 175), 40.0
(116, 40, 193, 290, 245, 45), 40.0
(81, 46, 186, 269, 279, 64), 58.0
(47, 27, 115, 265, 257, 161), 42.0
(288, 34, 179, 276, 22, 191), 42.0
(86, 86, 171, 217, 50, 154), None
(127, 16, 196, 189, 263, 10), 42.0
(62, 69, 181, 209, 44, 40), 60.0
(67, 9, 239, 267, 57, 36), 54.0
(99, 65, 186, 201, 38, 32), 44.0
(108, 94, 202, 250, 64, 55), 38.0
(135, 25, 87, 256, 287, 164), 38.0
(157, 20, 157, 279, 253, 145), None
(279, 32, 223, 282, 79, 87), 40.0
(76, 40, 109, 272, 107, 109), None
(84, 0, 162, 259, 48, 29), 54.0
(119, 16, 171, 287, 28, 47), 52.0
(129, 44, 177, 293, 73, 168), 65.0
(134, 9, 94, 285, 271, 185), 36.0
(141, 29, 207, 226, 84, 177), 34.0
(143, 10, 215, 239, 95, 174), 34.0
(146, 138, 216, 233, 99, 58), 50.0
(139, 17, 213, 221, 94, 176), 55.0
(149, 11, 218, 217, 232, 185), 38.0
(142, 5, 210, 228, 88, 174), 44.0
(90, 52, 205, 235, 83, 18), 46.0
(153, 59, 190, 227, 73, 24), 44.0
(52, 299, 232, 227, 80, 179), 46.0
(131, 176, 198, 296, 215, 51), 63.0
(127, 27, 168, 240, 68, 121), 56.0
(122, 21, 197, 237, 96, 196), 50.0
(101, 12, 185, 221, 43, 183), 48.0
(71, 28, 207, 289, 91, 43), 44.0
(139, 4, 49, 245, 88, 171), 39.0
(60, 12, 222, 230, 242, 5), 36.0
(145, 23, 207, 292, 135, 172), 42.0
(134, 47, 183, 200, 42, 245), 38.0
(112, 288, 150, 251, 61, 66), 44.0
(138, 38, 202, 220, 82, 161), 46.0
(161, 82, 212, 281, 57, 172), 38.0
(53, 12, 226, 226, 238, 4), None
(38, 0, 216, 286, 102, 168), 38.0
(147, 36, 207, 299, 74, 154), 34.0
(59, 12, 222, 231, 274, 9), 40.0
(147, 31, 162, 299, 74, 162), None
(154, 51, 210, 1, 83, 14), 38.0
(165, 294, 199, 294, 76, 260), None
(30, 73, 190, 209, 68, 183), 48.0
(148, 36, 174, 277, 75, 173), 54.0
(249, 22, 165, 266, 52, 189), 42.0
(142, 57, 191, 221, 54, 22), 38.0
(66, 18, 91, 285, 281, 206), 38.0
(71, 30, 106, 293, 294, 279), 41.0
(131, 46, 196, 206, 60, 151), 47.0
(295, 46, 203, 297, 66, 73), 40.0
(120, 38, 195, 273, 31, 228), 36.0
(78, 52, 177, 279, 290, 30), 45.0
(123, 35, 204, 286, 87, 215), 40.0
(47, 30, 207, 299, 82, 162), 48.0
(107, 65, 183, 211, 48, 25), 59.0
(186, 194, 190, 180, 65, 155), 34.0
(115, 198, 194, 176, 72, 228), 44.0
(196, 145, 171, 239, 67, 59), 40.0
(154, 294, 179, 213, 36, 19), 34.0
(171, 295, 175, 107, 61, 17), 42.0
(175, 288, 186, 219, 37, 16), 40.0
(158, 283, 176, 156, 69, 144), 47.0
(221, 293, 180, 165, 78, 150), 42.0
(183, 208, 169, 215, 54, 180), 41.0
(95, 256, 189, 209, 65, 38), 44.0
(152, 298, 154, 211, 47, 251), 43.0
(185, 277, 169, 242, 158, 31), 40.0
(77, 244, 198, 289, 91, 153), 48.0
(68, 299, 215, 232, 33, 3), 44.0
(144, 290, 161, 263, 59, 54), 38.0
(57, 229, 294, 74, 73, 265), 48.0
(137, 8, 84, 284, 271, 155), 46.0
(150, 268, 186, 169, 53, 25), 47.0
(129, 43, 180, 179, 184, 23), 40.0
(140, 25, 216, 293, 247, 165), 52.0
(238, 286, 191, 279, 145, 49), 49.0
(72, 117, 95, 278, 287, 141), 56.0
(61, 0, 173, 273, 78, 157), 45.0
(202, 292, 211, 299, 63, 159), 41.0
(208, 5, 179, 216, 44, 188), 40.0
(163, 214, 202, 289, 83, 176), 50.0
(120, 40, 196, 271, 25, 221), 43.0
(134, 14, 77, 224, 193, 168), 46.0
(133, 173, 189, 292, 266, 236), 56.0
(113, 187, 199, 284, 17, 65), 44.0
(50, 19, 185, 293, 67, 19), None
(62, 24, 228, 231, 59, 9), 40.0
(89, 81, 193, 226, 48, 32), 48.0
(155, 16, 252, 298, 175, 256), 56.0
(144, 281, 156, 251, 55, 44), 38.0
(55, 35, 203, 282, 78, 176), 40.0
(167, 73, 189, 203, 51, 33), 50.0
(106, 106, 182, 215, 38, 26), None
(41, 158, 221, 239, 98, 5), 40.0
(157, 292, 165, 256, 73, 96), 48.0
(127, 42, 87, 288, 260, 156), 32.0
(124, 49, 88, 288, 63, 146), 34.0
(125, 49, 83, 292, 62, 148), 57.0
(125, 46, 85, 286, 70, 140), 57.0
(127, 50, 91, 291, 66, 148), 49.0
(116, 45, 87, 287, 58, 158), 50.0
(139, 299, 176, 294, 109, 136), 42.0
(130, 41, 74, 281, 71, 153), 42.0
(121, 58, 77, 290, 202, 134), 49.0
(147, 251, 172, 278, 91, 166), 48.0
(136, 54, 91, 142, 62, 163), 44.0
(140, 37, 99, 299, 54, 274), 49.0
(125, 31, 167, 286, 75, 125), None
(64, 47, 84, 286, 66, 14), 70.0
(144, 40, 181, 299, 57, 154), 36.0
(129, 182, 208, 277, 45, 147), 60.0
(118, 62, 70, 290, 81, 160), 52.0
(150, 165, 174, 282, 64, 169), 46.0
(134, 43, 145, 223, 50, 18), 54.0
(46, 265, 186, 294, 94, 155), 38.0
(67, 52, 197, 275, 71, 242), 51.0
(55, 287, 178, 245, 88, 144), 38.0
(73, 36, 161, 288, 57, 170), 38.0
(84, 133, 61, 279, 77, 159), 41.0
(123, 32, 216, 39, 41, 57), 68.0
(140, 222, 193, 293, 51, 12), 32.0
(141, 225, 200, 294, 50, 1), 52.0
(134, 276, 208, 283, 45, 10), 38.0
(144, 42, 193, 294, 53, 14), 40.0
(141, 203, 189, 290, 61, 7), 32.0
(151, 198, 199, 275, 58, 7), 52.0
(150, 183, 187, 298, 69, 10), 46.0
(137, 236, 192, 290, 35, 14), 34.0
(143, 219, 189, 291, 35, 12), 38.0
(138, 237, 183, 299, 37, 14), 41.0
(132, 207, 194, 286, 40, 20), 40.0
(141, 207, 189, 293, 26, 3), 44.0
(156, 217, 89, 289, 32, 8), 39.0
(131, 191, 202, 234, 45, 15), 32.0
(137, 195, 206, 287, 45, 15), 42.0
(129, 203, 203, 269, 42, 1), None
(126, 230, 210, 236, 48, 10), 38.0
(132, 196, 199, 241, 51, 20), 44.0
(142, 212, 191, 232, 34, 19), 44.0
(148, 248, 181, 295, 40, 15), 40.0
(216, 202, 213, 289, 22, 0), 49.0
(137, 192, 96, 280, 120, 11), 38.0
(137, 225, 170, 283, 46, 26), 42.0
(151, 191, 205, 285, 63, 7), 32.0
(162, 181, 204, 282, 62, 0), 50.0
(151, 187, 217, 299, 104, 5), 38.0
(145, 176, 206, 217, 54, 11), 40.0
(158, 189, 199, 246, 63, 20), 42.0
(32, 195, 212, 290, 30, 6), 42.0
(152, 239, 195, 192, 35, 14), 44.0
(145, 189, 220, 287, 67, 20), 48.0
(132, 210, 11, 212, 41, 7), 34.0
(139, 212, 25, 211, 40, 14), 41.0
(131, 212, 5, 219, 45, 9), 40.0
(122, 198, 6, 226, 50, 7), 52.0
(145, 199, 27, 206, 87, 5), 44.0
(132, 219, 191, 208, 42, 16), 40.0
(15, 205, 19, 222, 223, 24), 48.0
(118, 191, 17, 213, 27, 9), 54.0
(137, 212, 57, 196, 37, 1), 46.0
(156, 204, 66, 217, 54, 17), 49.0
(126, 206, 203, 294, 48, 28), 40.0
(150, 185, 210, 280, 75, 140), 42.0
(130, 225, 180, 203, 34, 7), 54.0
(113, 231, 200, 126, 61, 132), 49.0
(122, 201, 193, 285, 52, 19), 50.0
(142, 220, 232, 226, 79, 12), 46.0
(137, 209, 224, 213, 41, 0), 36.0
(229, 203, 48, 299, 98, 211), 44.0
(161, 149, 15, 234, 60, 6), 42.0
(0, 260, 207, 276, 70, 25), 42.0
(148, 172, 196, 290, 65, 150), 49.0
(133, 196, 134, 292, 47, 14), 45.0
(126, 215, 185, 282, 31, 22), 38.0
(117, 27, 35, 207, 83, 145), 48.0
(141, 242, 176, 223, 43, 18), 38.0
(148, 191, 217, 275, 58, 114), 52.0
Sampler:BoTorchSampler
(173, 284, 236, 162, 219, 35), 38.0
(141, 109, 261, 236, 179, 163), 41.0
(157, 144, 257, 296, 285, 68), 47.0
(36, 130, 95, 210, 216, 4), 48.0
(56, 252, 195, 181, 242, 283), 54.0
(70, 117, 97, 84, 158, 3), 50.0
(14, 183, 127, 158, 192, 40), 42.0
(172, 251, 83, 151, 48, 145), 46.0
(208, 208, 74, 153, 140, 280), None
(54, 281, 75, 114, 234, 109), 52.0
(122, 194, 73, 144, 299, 197), 38.0
(157, 157, 63, 149, 89, 199), None
(157, 157, 63, 149, 25, 199), None
(157, 157, 63, 149, 79, 199), None
(158, 157, 63, 149, 157, 199), None
(158, 157, 63, 149, 70, 199), 40.0
(151, 160, 64, 149, 248, 200), 56.0
(159, 255, 261, 179, 201, 33), 56.0
(159, 107, 110, 182, 32, 210), 48.0
(143, 40, 294, 264, 145, 179), 52.0
(161, 172, 0, 104, 36, 221), 54.0
(208, 241, 219, 225, 23, 66), 52.0
(197, 9, 106, 294, 206, 29), 42.0
(66, 5, 194, 252, 115, 286), 42.0
(293, 199, 210, 18, 177, 252), 68.0
(134, 66, 144, 268, 177, 109), 42.0
(71, 73, 148, 247, 144, 167), 43.0
(136, 0, 109, 288, 157, 151), 40.0
(107, 0, 136, 292, 204, 141), 40.0
(128, 23, 136, 205, 180, 206), 53.0
(101, 5, 120, 13, 161, 80), 56.0
(98, 9, 122, 122, 160, 81), None
(100, 10, 122, 68, 161, 82), 50.0
(99, 9, 123, 78, 161, 81), 49.0
(99, 7, 124, 247, 161, 80), 54.0
(176, 62, 135, 235, 213, 147), 44.0
(133, 91, 146, 179, 200, 169), 44.0
(122, 97, 150, 206, 211, 162), 36.0
(103, 117, 155, 282, 230, 156), 46.0
(170, 109, 114, 66, 145, 163), 48.0
(169, 109, 116, 290, 145, 161), 34.0
(98, 78, 5, 97, 107, 214), 48.0
(179, 130, 80, 178, 137, 145), 39.0
(171, 132, 95, 285, 135, 145), 44.0
(258, 66, 109, 195, 145, 145), None
(226, 78, 131, 16, 148, 157), 44.0
(236, 58, 130, 271, 96, 151), 45.0
(138, 143, 162, 237, 132, 150), 42.0
(108, 2, 130, 89, 48, 206), 50.0
(116, 83, 34, 276, 149, 154), 46.0
(162, 161, 95, 126, 260, 223), 52.0
(225, 167, 164, 281, 187, 154), 54.0
(89, 286, 38, 174, 169, 61), 40.0
(20, 61, 224, 269, 165, 138), 37.0
(62, 89, 179, 215, 163, 137), 40.0
(50, 83, 173, 267, 89, 136), 42.0
(95, 55, 195, 76, 159, 139), 65.0
(165, 104, 127, 253, 160, 154), 38.0
(182, 107, 142, 299, 111, 166), 42.0
(106, 95, 177, 239, 218, 151), 45.0
(139, 114, 115, 217, 160, 169), 44.0
(227, 108, 93, 279, 174, 136), 42.0
(167, 295, 158, 179, 186, 24), 55.0
(140, 103, 166, 258, 133, 86), 38.0
(146, 98, 184, 263, 141, 182), 54.0
(90, 144, 99, 241, 107, 94), 44.0
(22, 100, 186, 269, 165, 91), 54.0
(285, 112, 92, 225, 27, 60), 38.0
(233, 54, 248, 271, 151, 165), 48.0
(284, 32, 206, 19, 201, 69), 38.0
(277, 277, 17, 1, 190, 260), None
(211, 102, 69, 228, 94, 75), 47.0
(63, 44, 256, 36, 131, 16), 54.0
(203, 286, 189, 63, 107, 15), 38.0
(91, 62, 22, 213, 49, 84), 55.0
(181, 66, 86, 122, 230, 116), 40.0
(267, 84, 124, 147, 173, 89), 46.0
(233, 286, 81, 86, 14, 60), 43.0
(109, 157, 24, 94, 202, 75), 39.0
(158, 149, 50, 193, 260, 95), 42.0
(253, 269, 203, 139, 156, 41), 46.0
(105, 11, 143, 126, 87, 232), 47.0
(281, 59, 58, 83, 26, 1), 49.0
(86, 29, 98, 102, 261, 125), 72.0
(167, 112, 141, 209, 206, 101), 52.0
(144, 77, 153, 103, 63, 129), 50.0
(142, 72, 158, 220, 76, 131), 34.0
(144, 73, 157, 261, 56, 134), 40.0
(165, 87, 94, 223, 46, 141), 48.0
(127, 71, 207, 292, 103, 128), 38.0
(121, 94, 236, 249, 86, 127), 43.0
(155, 51, 149, 255, 121, 131), 60.0
(163, 73, 194, 226, 149, 128), 45.0
(44, 69, 265, 170, 135, 119), 38.0
(39, 69, 272, 285, 134, 119), 50.0
(169, 109, 176, 80, 26, 82), 40.0
(162, 144, 48, 120, 90, 119), 50.0
(179, 282, 178, 121, 141, 32), 50.0
(221, 119, 166, 258, 32, 99), 43.0
(154, 83, 185, 159, 111, 56), 50.0
(135, 276, 202, 52, 147, 216), 44.0
(282, 237, 151, 45, 192, 53), 38.0
(44, 247, 269, 298, 46, 220), 50.0
(15, 250, 89, 189, 16, 72), 48.0
(81, 286, 129, 124, 249, 229), 58.0
(191, 233, 134, 231, 14, 274), 40.0
(77, 287, 136, 151, 286, 65), 40.0
(53, 49, 7, 47, 207, 110), 48.0
(141, 25, 187, 178, 192, 190), 46.0
(232, 18, 85, 194, 294, 189), 58.0
(28, 259, 35, 35, 125, 164), None
(251, 52, 36, 186, 162, 293), 46.0
(203, 236, 272, 275, 128, 78), 61.0
(214, 81, 128, 134, 48, 17), 52.0
(56, 123, 138, 261, 168, 277), 38.0
(186, 117, 39, 51, 133, 132), 55.0
(70, 6, 171, 297, 248, 218), 41.0
(194, 242, 181, 101, 206, 203), 66.0
(7, 74, 150, 294, 139, 257), 36.0
(32, 97, 136, 50, 49, 263), 52.0
(60, 105, 16, 296, 232, 104), 42.0
(210, 245, 127, 130, 118, 66), 40.0
(31, 95, 113, 232, 87, 250), 45.0
(61, 116, 258, 65, 287, 29), 38.0
(0, 73, 149, 190, 215, 250), 44.0
(0, 74, 147, 64, 224, 254), 36.0
(117, 245, 187, 138, 169, 52), 46.0
(134, 193, 213, 114, 243, 186), 60.0
(190, 64, 224, 274, 52, 225), 44.0
(195, 13, 27, 85, 204, 66), 48.0
(189, 6, 228, 174, 119, 210), 51.0
(0, 73, 179, 110, 208, 252), 40.0
(0, 73, 188, 44, 195, 251), 46.0
(0, 73, 192, 175, 199, 256), 66.0
(62, 151, 97, 90, 164, 57), 34.0
(80, 79, 153, 192, 16, 53), 58.0
(156, 202, 126, 65, 198, 50), 46.0
(135, 177, 176, 74, 269, 269), None
(68, 196, 29, 113, 243, 47), 46.0
(0, 76, 73, 31, 176, 217), 55.0
(17, 75, 102, 274, 153, 218), 42.0
(201, 126, 31, 52, 161, 253), 48.0
(86, 82, 71, 251, 140, 276), 42.0
(71, 122, 77, 202, 100, 241), 38.0
(286, 154, 113, 137, 161, 89), 44.0
(69, 134, 63, 117, 90, 236), 67.0
(209, 154, 4, 269, 153, 260), 44.0
(67, 111, 87, 74, 83, 252), 46.0
(66, 101, 96, 257, 100, 258), 52.0
(253, 233, 170, 264, 181, 98), 47.0
(204, 58, 93, 283, 267, 89), 45.0
(115, 30, 119, 163, 139, 164), 49.0
(122, 79, 208, 124, 105, 233), 46.0
(0, 83, 98, 136, 264, 223), 45.0
(223, 213, 291, 11, 111, 98), 36.0
(262, 1, 36, 293, 151, 105), 44.0
(243, 221, 239, 25, 105, 54), 46.0
(299, 207, 141, 223, 181, 240), 74.0
(14, 238, 35, 118, 86, 110), 54.0
(158, 137, 244, 64, 81, 77), 42.0
(184, 78, 156, 8, 266, 162), 41.0
(139, 61, 122, 248, 116, 263), 38.0
(180, 162, 241, 8, 222, 36), 43.0
(219, 224, 195, 145, 145, 142), None
(264, 240, 95, 0, 120, 6), 51.0
(28, 181, 290, 145, 185, 268), 56.0
(176, 110, 180, 12, 181, 234), 40.0
(128, 174, 118, 168, 186, 98), 50.0
(22, 179, 187, 60, 55, 167), 48.0
(122, 87, 189, 107, 288, 167), 50.0
(244, 268, 117, 92, 136, 221), 43.0
(23, 159, 186, 42, 253, 30), 38.0
(4, 217, 111, 263, 67, 41), 54.0
(93, 148, 131, 40, 160, 33), 44.0
(255, 176, 64, 30, 23, 268), 42.0
(99, 151, 149, 57, 77, 19), 50.0
(91, 135, 96, 138, 227, 266), 50.0
(122, 148, 274, 42, 81, 5), 58.0
(266, 113, 4, 117, 136, 184), 36.0
(76, 298, 271, 195, 22, 264), 48.0
(131, 104, 210, 120, 250, 299), 50.0
(213, 66, 231, 152, 25, 8), 37.0
(240, 166, 129, 217, 255, 197), 42.0
(112, 53, 138, 114, 146, 130), 66.0
(107, 163, 67, 262, 137, 289), 34.0
(115, 135, 116, 283, 139, 293), 50.0
(193, 265, 150, 257, 217, 206), 46.0
(272, 166, 234, 36, 178, 85), 46.0
(229, 189, 243, 0, 164, 70), 36.0
(204, 245, 272, 0, 193, 86), 42.0
(33, 220, 189, 81, 295, 46), 40.0
(242, 123, 98, 0, 121, 85), 52.0
(91, 221, 228, 57, 266, 49), 48.0
(28, 44, 138, 298, 224, 260), 38.0
(32, 0, 179, 219, 169, 258), 56.0
(22, 126, 98, 217, 228, 260), 34.0
(27, 137, 74, 263, 259, 263), None
(26, 137, 73, 263, 260, 263), None
(26, 138, 72, 263, 261, 263), None
(27, 136, 75, 263, 257, 263), None
(27, 137, 73, 263, 259, 263), None
(27, 136, 74, 263, 258, 263), None
(27, 137, 73, 263, 260, 263), None
(26, 138, 72, 263, 262, 263), None
(26, 137, 72, 263, 260, 263), None
(26, 139, 71, 263, 263, 263), None
(27, 136, 75, 263, 258, 263), None
(26, 138, 71, 263, 262, 263), None
(25, 140, 68, 263, 267, 262), 51.0
(241, 125, 128, 0, 146, 84), 55.0
(282, 34, 210, 236, 280, 214), 46.0
(290, 111, 66, 251, 136, 249), 36.0
(279, 106, 183, 85, 88, 276), 48.0
(242, 259, 99, 219, 9, 85), 40.0
(189, 80, 56, 229, 194, 240), 36.0
(261, 185, 133, 50, 50, 197), None
(230, 76, 203, 208, 76, 192), None
(275, 24, 100, 219, 83, 230), 40.0
(122, 67, 278, 237, 124, 49), 51.0
(216, 81, 47, 288, 168, 238), 39.0
(299, 254, 264, 220, 122, 224), 58.0
(260, 97, 14, 240, 140, 211), 60.0
(159, 240, 0, 216, 117, 49), 44.0
(139, 63, 85, 149, 253, 258), 45.0
(273, 175, 82, 70, 47, 147), 40.0
(59, 138, 159, 126, 104, 159), None
(51, 10, 261, 283, 166, 4), 40.0
(103, 42, 165, 187, 108, 194), 44.0
(192, 16, 164, 32, 78, 113), 42.0
(292, 91, 85, 176, 250, 54), 40.0
(208, 94, 111, 151, 151, 268), None
(21, 261, 43, 164, 234, 89), 37.0
(132, 218, 288, 144, 75, 137), 42.0
(204, 41, 71, 260, 154, 264), 50.0
(97, 72, 87, 60, 221, 221), None
(21, 201, 34, 107, 192, 49), 52.0
(209, 171, 236, 57, 128, 217), 60.0
(145, 126, 61, 154, 149, 11), 62.0
(106, 67, 91, 268, 212, 230), 54.0
(120, 166, 35, 230, 100, 284), 47.0
(218, 264, 244, 57, 82, 89), 38.0
(209, 228, 90, 36, 51, 92), 41.0
(94, 4, 38, 28, 45, 41), 59.0
(82, 192, 180, 77, 181, 8), 46.0
(252, 277, 188, 55, 143, 85), 42.0
(205, 227, 261, 39, 21, 97), 44.0
(191, 249, 26, 293, 266, 214), 56.0
(271, 223, 182, 87, 55, 89), 49.0
(168, 199, 15, 253, 89, 134), 36.0
(59, 13, 82, 38, 172, 167), 42.0
(121, 189, 42, 230, 137, 139), 40.0
(207, 206, 9, 226, 94, 121), 54.0
(120, 183, 277, 290, 4, 142), 50.0
(62, 254, 215, 274, 12, 245), 43.0
(12, 129, 172, 138, 62, 253), 52.0
(18, 215, 263, 126, 243, 66), 37.0
(86, 27, 144, 41, 47, 69), 58.0
(21, 18, 3, 84, 176, 201), 60.0
(81, 111, 160, 49, 166, 281), 42.0
(214, 262, 119, 47, 209, 72), 38.0
(182, 189, 199, 30, 143, 67), 42.0
(190, 295, 202, 33, 152, 67), 44.0
(7, 163, 245, 97, 288, 52), 40.0
(214, 235, 274, 46, 234, 82), 38.0
(249, 249, 219, 34, 296, 72), None
(253, 252, 222, 34, 259, 71), 43.0
(165, 220, 81, 40, 182, 92), 45.0
(175, 219, 115, 39, 177, 90), 54.0
(202, 241, 130, 69, 174, 71), 44.0
(205, 242, 124, 66, 171, 70), 40.0
(203, 240, 184, 69, 173, 70), 49.0
(0, 233, 213, 132, 108, 58), 44.0
(272, 267, 281, 14, 132, 93), 36.0
(258, 267, 105, 23, 159, 101), 34.0
(274, 273, 188, 12, 131, 99), 38.0
(263, 257, 229, 19, 161, 108), 38.0
(279, 276, 143, 21, 129, 85), 46.0
(244, 260, 6, 21, 156, 107), 42.0
(243, 260, 88, 21, 155, 108), 46.0
(270, 237, 251, 6, 171, 99), 50.0
(235, 49, 271, 26, 101, 99), 38.0
(233, 35, 87, 25, 93, 101), 42.0
(236, 105, 108, 26, 100, 100), None
(236, 170, 29, 27, 100, 100), None
(236, 292, 246, 27, 103, 100), 53.0
(230, 272, 285, 95, 200, 51), 42.0
(0, 201, 112, 113, 12, 43), 57.0
(62, 33, 27, 199, 19, 6), 51.0
(140, 31, 216, 214, 93, 178), 46.0
(0, 207, 136, 120, 134, 40), 32.0
(164, 48, 31, 282, 215, 52), 50.0
(241, 178, 24, 159, 169, 20), 40.0
(11, 102, 227, 224, 261, 257), 56.0
(106, 15, 227, 150, 104, 179), 44.0
(214, 100, 94, 185, 78, 184), 38.0
(24, 168, 136, 89, 294, 159), 38.0
(105, 85, 46, 100, 268, 272), 39.0
(197, 260, 260, 284, 85, 177), None
(177, 172, 224, 126, 13, 233), 40.0
(178, 102, 210, 196, 132, 57), 46.0
(258, 32, 32, 15, 98, 221), None
(295, 105, 13, 41, 251, 146), 50.0
(166, 217, 57, 205, 228, 205), None
(218, 44, 188, 76, 60, 83), 44.0
(160, 85, 164, 118, 183, 164), None
(257, 158, 78, 192, 124, 156), 48.0
(37, 62, 130, 5, 236, 176), 46.0
(160, 177, 191, 28, 118, 25), 38.0
(65, 92, 15, 245, 92, 63), None
(197, 89, 107, 123, 58, 29), 30.0
(280, 102, 158, 65, 58, 171), 38.0
(164, 125, 42, 198, 180, 183), 56.0
(46, 113, 229, 29, 64, 86), 46.0
(263, 275, 269, 160, 116, 67), 40.0
(293, 196, 45, 17, 275, 2), 48.0
(131, 166, 108, 15, 81, 76), 36.0
(165, 264, 187, 68, 275, 84), 52.0
(3, 0, 279, 66, 130, 104), 49.0
(223, 47, 11, 206, 15, 207), 54.0
(236, 100, 167, 98, 222, 128), 53.0
(236, 141, 108, 157, 89, 252), 52.0
(50, 168, 139, 77, 134, 56), 64.0
(64, 267, 164, 189, 122, 45), 47.0
(279, 257, 55, 65, 124, 33), 45.0
(207, 266, 6, 248, 94, 201), 42.0
(11, 75, 148, 6, 197, 228), 42.0
(205, 95, 41, 89, 51, 299), 34.0
(276, 296, 56, 63, 268, 59), 55.0
(48, 41, 62, 98, 152, 246), 50.0
(60, 286, 223, 250, 80, 5), 46.0
(103, 25, 180, 210, 107, 146), 45.0
(138, 125, 82, 145, 255, 207), 50.0
(60, 134, 101, 90, 175, 238), 45.0
(63, 277, 105, 77, 94, 62), 46.0
(106, 272, 139, 3, 96, 36), 40.0
(107, 81, 185, 86, 299, 10), 54.0
(183, 230, 156, 200, 195, 249), 46.0
(268, 97, 89, 61, 266, 237), 30.0
(245, 44, 95, 100, 29, 244), 52.0
(78, 273, 108, 88, 166, 184), 59.0
(229, 140, 129, 180, 288, 43), 42.0
(213, 288, 206, 165, 169, 283), 54.0
(68, 220, 274, 110, 176, 292), 44.0
(207, 244, 165, 80, 208, 71), 46.0
(278, 19, 85, 225, 294, 100), 36.0
(85, 92, 119, 254, 245, 76), 46.0
(273, 158, 76, 119, 2, 4), 49.0
(101, 25, 2, 125, 243, 248), 46.0
(87, 122, 139, 128, 258, 287), 38.0
(153, 30, 105, 229, 160, 108), 40.0
(84, 98, 123, 52, 261, 96), 38.0
(93, 240, 55, 292, 90, 2), 46.0
(7, 162, 53, 212, 134, 43), 40.0
(8, 145, 219, 88, 143, 23), 44.0
(106, 229, 132, 216, 17, 142), 40.0
(62, 135, 15, 167, 74, 248), 54.0
(133, 154, 176, 167, 287, 227), 60.0
(26, 112, 295, 70, 291, 52), 54.0
(55, 210, 171, 185, 58, 244), 46.0
(109, 177, 182, 196, 247, 69), 40.0
(192, 267, 234, 57, 268, 61), 42.0
(70, 8, 117, 185, 226, 227), 40.0
(200, 74, 24, 285, 216, 107), 38.0
(50, 59, 15, 255, 215, 104), 58.0
(145, 239, 276, 48, 61, 15), 39.0
(244, 190, 150, 178, 285, 217), 54.0
(65, 113, 178, 180, 223, 181), 41.0
(272, 33, 215, 99, 43, 31), 68.0
(243, 127, 294, 136, 2, 121), 38.0
(217, 139, 80, 291, 66, 292), 51.0
(284, 82, 39, 108, 186, 225), 45.0
(113, 167, 231, 1, 275, 262), 48.0
(220, 93, 196, 268, 96, 12), 34.0
(19, 212, 166, 181, 279, 33), 44.0
(91, 296, 257, 266, 149, 250), 58.0
(54, 244, 184, 293, 5, 186), 36.0
(6, 82, 239, 232, 124, 166), 57.0
(263, 23, 100, 43, 265, 149), 44.0
(247, 265, 110, 182, 102, 165), 53.0
(185, 202, 277, 208, 12, 69), 42.0
(58, 2, 110, 169, 88, 205), 52.0
(56, 20, 204, 239, 292, 273), 50.0
(150, 46, 274, 114, 192, 35), 44.0
(299, 112, 141, 106, 270, 226), 40.0
(298, 120, 170, 63, 91, 125), 54.0
(272, 183, 135, 230, 99, 275), 54.0
(126, 24, 285, 0, 101, 206), 49.0
(199, 244, 272, 23, 3, 229), 40.0
(269, 148, 259, 42, 47, 249), 44.0
(67, 184, 239, 296, 223, 114), 46.0
(26, 143, 215, 151, 257, 194), 50.0
(101, 167, 198, 119, 5, 46), 50.0
(155, 187, 180, 291, 26, 262), 40.0
(249, 48, 0, 275, 211, 206), 48.0
(80, 288, 10, 132, 288, 132), None
(51, 180, 119, 218, 210, 242), 32.0
(42, 76, 0, 223, 208, 32), 51.0
(182, 180, 48, 134, 243, 193), 37.0
(67, 298, 229, 201, 185, 39), 38.0
(147, 159, 193, 189, 245, 190), 50.0
(218, 187, 171, 116, 191, 198), 54.0
(131, 258, 110, 156, 278, 98), 49.0
(102, 44, 138, 271, 0, 151), 41.0
(216, 169, 46, 162, 98, 290), 36.0
(142, 248, 166, 176, 182, 291), 68.0
(28, 162, 6, 151, 231, 75), 48.0
(75, 7, 0, 236, 177, 37), 54.0
(169, 216, 104, 195, 209, 31), 42.0
(98, 111, 242, 146, 92, 194), 58.0
(87, 37, 263, 188, 192, 89), 40.0
(34, 15, 193, 227, 52, 3), 59.0
(292, 182, 245, 15, 132, 258), 38.0
(104, 59, 68, 81, 271, 130), 38.0
(124, 173, 224, 32, 197, 152), 40.0
(196, 25, 234, 229, 53, 104), 44.0
(93, 140, 5, 172, 38, 227), 44.0
(296, 280, 30, 13, 116, 253), 48.0
(179, 281, 132, 123, 254, 104), 46.0
(82, 17, 182, 92, 71, 116), 36.0
(238, 15, 108, 57, 15, 81), None
(133, 84, 264, 98, 151, 88), 40.0
(28, 235, 132, 230, 123, 175), 44.0
(102, 281, 127, 283, 237, 13), 38.0
(146, 125, 1, 36, 240, 258), 40.0
(241, 49, 148, 70, 129, 217), 46.0
(173, 16, 141, 29, 105, 201), 42.0
(209, 268, 79, 212, 148, 246), 56.0
(192, 166, 197, 170, 73, 68), 56.0
(228, 48, 257, 75, 108, 52), 42.0
(171, 83, 182, 242, 157, 166), 58.0
(100, 288, 55, 36, 11, 280), 38.0
(86, 192, 64, 143, 174, 257), 43.0
(251, 278, 26, 162, 254, 38), 50.0
(283, 199, 35, 241, 65, 74), 45.0
(276, 131, 7, 84, 41, 6), 54.0
(254, 192, 117, 100, 182, 297), 48.0
(247, 109, 215, 193, 237, 77), 62.0
(155, 167, 80, 136, 288, 249), 52.0
(126, 238, 19, 271, 137, 89), 46.0
(38, 218, 236, 155, 28, 296), 52.0
(234, 249, 173, 287, 128, 122), 45.0
(149, 251, 98, 109, 223, 200), 42.0
(298, 194, 162, 107, 82, 117), 44.0
(148, 146, 255, 285, 153, 164), 49.0
(238, 156, 18, 215, 185, 221), 48.0
(64, 236, 203, 265, 101, 134), 50.0
(142, 188, 6, 235, 108, 264), 38.0
(193, 44, 285, 294, 66, 93), 44.0
(112, 72, 174, 74, 42, 1), 48.0
(285, 273, 224, 78, 25, 278), 53.0
(171, 244, 171, 269, 125, 231), None
(206, 72, 184, 38, 162, 48), 43.0
(282, 82, 142, 27, 19, 235), 38.0
(156, 249, 37, 39, 64, 195), 63.0
(86, 29, 19, 270, 272, 156), 42.0
(258, 223, 235, 15, 114, 262), 46.0
(135, 190, 278, 11, 173, 267), 56.0
(233, 94, 133, 43, 87, 156), 50.0
(256, 20, 35, 132, 116, 64), 44.0
(127, 17, 89, 32, 188, 128), 46.0
(54, 137, 40, 238, 23, 185), 42.0
(265, 109, 108, 57, 265, 228), None
(246, 139, 77, 166, 294, 222), 43.0
(203, 127, 257, 244, 214, 83), 46.0
(168, 197, 234, 175, 44, 136), 50.0
Sampler:CmaEsSampler
(271, 11, 88, 198, 227, 132), 38.0
(211, 75, 161, 187, 202, 144), 50.0
(246, 157, 103, 134, 112, 180), 45.0
(208, 188, 144, 83, 165, 204), 52.0
(123, 102, 150, 98, 179, 116), 40.0
(225, 151, 146, 103, 208, 30), 40.0
(144, 170, 218, 179, 94, 143), 40.0
(219, 192, 154, 135, 155, 198), 55.0
(52, 117, 142, 119, 198, 161), 52.0
(115, 144, 58, 55, 142, 165), 38.0
(229, 134, 97, 20, 161, 129), 40.0
(169, 170, 60, 32, 186, 174), 46.0
(189, 194, 129, 104, 89, 35), 54.0
(145, 159, 80, 148, 230, 89), 50.0
(196, 216, 16, 110, 131, 104), 52.0
(122, 139, 139, 87, 181, 178), None
(135, 53, 147, 122, 111, 118), 60.0
(107, 134, 37, 108, 197, 168), 48.0
(190, 67, 36, 31, 229, 138), 50.0
(178, 154, 33, 82, 134, 277), 42.0
(202, 116, 141, 41, 170, 204), 40.0
(225, 209, 32, 1, 153, 152), 55.0
(246, 127, 97, 90, 157, 171), 34.0
(56, 93, 166, 78, 245, 114), 44.0
(121, 193, 101, 130, 167, 164), 56.0
(170, 252, 112, 71, 146, 212), 48.0
(133, 145, 127, 0, 131, 140), 57.0
(139, 198, 76, 17, 167, 220), 51.0
(220, 121, 0, 32, 141, 172), 46.0
(216, 136, 124, 202, 87, 217), 42.0
(202, 95, 123, 15, 169, 122), 44.0
(156, 102, 184, 78, 213, 199), 38.0
(170, 160, 138, 54, 189, 141), 47.0
(173, 172, 38, 126, 95, 152), 58.0
(188, 186, 185, 134, 132, 173), 44.0
(257, 108, 156, 37, 189, 108), None
(197, 128, 131, 73, 121, 163), 32.0
(227, 114, 60, 169, 229, 148), 46.0
(138, 65, 71, 70, 147, 86), 52.0
(196, 144, 152, 133, 134, 143), 35.0
(198, 112, 73, 79, 169, 245), 53.0
(156, 152, 102, 52, 108, 94), 44.0
(183, 123, 196, 105, 149, 197), 44.0
(212, 165, 124, 99, 66, 210), 42.0
(177, 135, 139, 100, 132, 188), 56.0
(207, 148, 69, 41, 156, 241), 40.0
(213, 149, 73, 29, 178, 207), 40.0
(243, 103, 132, 88, 173, 185), 40.0
(198, 121, 120, 106, 136, 154), 46.0
(200, 126, 65, 98, 161, 204), 37.0
(232, 153, 57, 122, 154, 178), 53.0
(173, 100, 124, 139, 160, 151), 38.0
(185, 181, 88, 18, 193, 166), 56.0
(258, 126, 104, 42, 155, 176), 53.0
(246, 204, 109, 114, 163, 224), 40.0
(146, 194, 54, 51, 183, 241), 42.0
(231, 108, 48, 47, 107, 156), 50.0
(209, 144, 109, 121, 184, 194), 46.0
(193, 127, 115, 171, 174, 239), 58.0
(193, 196, 73, 66, 97, 111), 48.0
(240, 160, 88, 89, 183, 230), 47.0
(183, 146, 60, 120, 197, 265), 56.0
(126, 154, 151, 124, 177, 181), 34.0
(238, 130, 109, 112, 158, 205), 55.0
(163, 123, 123, 97, 219, 181), None
(227, 155, 20, 84, 184, 172), 48.0
(203, 138, 123, 92, 145, 259), 42.0
(140, 110, 83, 101, 152, 277), 50.0
(150, 139, 114, 124, 166, 174), 46.0
(152, 116, 113, 46, 160, 196), 52.0
(155, 152, 140, 157, 135, 193), 52.0
(193, 175, 78, 80, 172, 237), 56.0
(159, 177, 106, 63, 169, 199), 50.0
(193, 126, 144, 68, 176, 167), 40.0
(222, 176, 110, 122, 142, 239), 46.0
(165, 131, 113, 123, 185, 216), 53.0
(191, 121, 148, 103, 147, 223), 69.0
(216, 153, 96, 47, 197, 189), 52.0
(231, 121, 162, 52, 186, 174), 38.0
(129, 160, 193, 112, 178, 191), 44.0
(229, 153, 146, 76, 149, 204), 40.0
(143, 141, 110, 91, 182, 222), 48.0
(246, 173, 148, 64, 151, 213), 44.0
(191, 123, 127, 95, 120, 218), 36.0
(193, 132, 128, 75, 184, 183), 54.0
(189, 158, 172, 53, 166, 218), 54.0
(149, 144, 144, 120, 143, 195), None
(181, 156, 134, 76, 122, 202), 48.0
(187, 156, 149, 98, 154, 238), 54.0
(197, 138, 157, 92, 202, 168), 54.0
(198, 131, 133, 71, 119, 191), 58.0
(207, 132, 89, 44, 140, 233), 42.0
(200, 153, 62, 57, 136, 246), 38.0
(233, 138, 169, 97, 157, 193), 60.0
(196, 119, 219, 90, 145, 213), 54.0
(178, 128, 106, 66, 166, 219), 44.0
(177, 135, 76, 91, 126, 262), 50.0
(203, 120, 80, 25, 139, 222), 53.0
(156, 112, 101, 85, 156, 203), None
(133, 132, 100, 128, 174, 276), 48.0
(220, 150, 23, 74, 160, 218), 34.0
(206, 115, 140, 57, 172, 209), 56.0
(239, 198, 29, 7, 124, 285), 40.0
(136, 178, 125, 16, 132, 251), 60.0
(206, 163, 118, 50, 167, 221), 36.0
(241, 175, 14, 36, 103, 245), 46.0
(209, 167, 46, 60, 164, 218), 52.0
(225, 124, 99, 34, 113, 227), 42.0
(229, 175, 77, 47, 158, 246), 52.0
(241, 157, 75, 41, 121, 270), 36.0
(170, 180, 26, 13, 128, 270), 48.0
(209, 151, 92, 47, 126, 201), 46.0
(220, 182, 103, 37, 174, 224), 56.0
(267, 163, 73, 52, 163, 209), None
(205, 131, 36, 60, 154, 258), 42.0
(254, 148, 62, 61, 163, 227), 36.0
(224, 117, 102, 58, 99, 217), 46.0
(236, 139, 69, 17, 118, 262), 51.0
(232, 128, 32, 92, 55, 278), 52.0
(197, 130, 116, 86, 89, 241), 40.0
(225, 143, 48, 29, 155, 290), 44.0
(272, 181, 74, 72, 133, 251), 34.0
(205, 140, 104, 69, 184, 230), 42.0
(207, 123, 36, 66, 191, 240), 48.0
(185, 165, 124, 136, 151, 216), 49.0
(225, 130, 127, 47, 155, 217), 34.0
(232, 180, 66, 95, 141, 252), 37.0
(270, 128, 76, 53, 176, 224), 36.0
(209, 117, 114, 81, 151, 184), 56.0
(243, 137, 150, 84, 136, 174), 40.0
(181, 98, 149, 104, 204, 185), 41.0
(218, 195, 12, 80, 175, 212), 58.0
(215, 133, 103, 93, 150, 274), 44.0
(268, 88, 134, 48, 143, 224), 40.0
(268, 141, 127, 90, 197, 201), 50.0
(237, 118, 120, 58, 211, 159), 43.0
(240, 150, 141, 99, 245, 198), 40.0
(271, 152, 43, 69, 167, 199), 44.0
(237, 114, 94, 16, 151, 235), 48.0
(245, 144, 116, 32, 153, 224), 44.0
(216, 155, 131, 79, 168, 191), 50.0
(240, 120, 140, 12, 191, 211), 33.0
(247, 90, 141, 55, 246, 162), 51.0
(263, 134, 148, 82, 166, 191), 56.0
(239, 114, 138, 98, 136, 260), 59.0
(214, 118, 131, 50, 190, 185), 50.0
(244, 119, 158, 19, 182, 193), 42.0
(257, 123, 134, 77, 187, 209), 48.0
(283, 139, 133, 58, 195, 214), 64.0
(200, 128, 101, 33, 193, 224), 42.0
(246, 71, 199, 77, 231, 168), 38.0
(211, 39, 141, 66, 251, 189), 48.0
(268, 64, 171, 45, 206, 250), 50.0
(237, 76, 126, 28, 159, 197), 49.0
(231, 122, 79, 43, 210, 258), 43.0
(203, 72, 287, 77, 244, 113), 46.0
(199, 86, 249, 65, 220, 98), 33.0
(256, 83, 198, 66, 214, 154), 38.0
(206, 119, 147, 75, 183, 189), 38.0
(256, 81, 157, 57, 192, 197), 52.0
(279, 80, 193, 63, 251, 121), 42.0
(217, 64, 199, 122, 249, 123), 44.0
(159, 66, 267, 34, 213, 101), 40.0
(178, 102, 149, 65, 253, 151), 46.0
(205, 82, 265, 59, 224, 102), 40.0
(240, 104, 202, 70, 162, 132), 52.0
(239, 80, 205, 85, 233, 173), 36.0
(273, 67, 195, 49, 209, 195), None
(257, 101, 238, 158, 179, 95), 53.0
(177, 102, 195, 70, 232, 152), 42.0
(223, 81, 237, 60, 251, 198), 38.0
(154, 119, 245, 108, 276, 105), 36.0
(225, 26, 263, 116, 266, 152), 48.0
(269, 45, 154, 26, 198, 206), 42.0
(228, 39, 238, 73, 293, 161), 50.0
(234, 42, 255, 39, 154, 131), 42.0
(174, 93, 199, 38, 252, 166), 36.0
(240, 103, 243, 57, 269, 146), 44.0
(211, 129, 140, 69, 185, 180), 36.0
(190, 110, 279, 33, 218, 156), 40.0
(203, 138, 177, 22, 248, 222), 49.0
(199, 79, 266, 73, 232, 74), 48.0
(169, 195, 208, 111, 195, 214), None
(154, 97, 215, 104, 250, 139), 42.0
(97, 95, 271, 62, 275, 110), 41.0
(106, 130, 150, 103, 258, 125), 42.0
(124, 99, 293, 116, 241, 127), 49.0
(178, 148, 200, 131, 255, 126), 41.0
(154, 88, 189, 65, 181, 186), 44.0
(208, 98, 233, 26, 260, 118), 42.0
(177, 67, 242, 146, 293, 46), 38.0
(102, 58, 295, 31, 269, 99), 44.0
(128, 65, 289, 113, 249, 122), 46.0
(120, 146, 299, 115, 247, 166), 52.0
(129, 97, 250, 95, 245, 152), 52.0
(123, 149, 246, 49, 243, 177), 34.0
(135, 107, 205, 91, 258, 161), 38.0
(150, 103, 210, 61, 210, 175), None
(147, 27, 227, 45, 297, 115), 38.0
(137, 73, 276, 39, 295, 31), 45.0
(147, 164, 268, 91, 258, 165), 56.0
(209, 109, 226, 100, 259, 134), 38.0
(221, 110, 213, 89, 239, 125), 53.0
(139, 149, 186, 77, 241, 145), 37.0
(222, 133, 179, 77, 232, 186), 40.0
(94, 100, 202, 85, 294, 129), 48.0
(144, 102, 278, 75, 237, 111), 38.0
(220, 82, 165, 39, 237, 174), 36.0
(206, 84, 262, 36, 236, 129), 42.0
(215, 98, 257, 50, 210, 140), 46.0
(196, 117, 203, 21, 207, 130), 36.0
(194, 119, 169, 57, 214, 143), 52.0
(204, 116, 192, 77, 211, 157), 48.0
(205, 79, 221, 4, 229, 124), 54.0
(215, 93, 185, 48, 216, 196), 39.0
(176, 93, 181, 86, 245, 85), 48.0
(171, 59, 238, 81, 210, 147), 40.0
(170, 69, 258, 41, 247, 104), 44.0
(189, 113, 229, 21, 195, 165), 38.0
(219, 83, 187, 21, 133, 182), 42.0
(218, 102, 221, 43, 217, 156), 44.0
(217, 36, 263, 67, 260, 121), 48.0
(217, 100, 168, 55, 196, 158), 52.0
(201, 125, 167, 72, 211, 133), 34.0
(253, 112, 147, 21, 183, 167), 42.0
(259, 35, 268, 42, 251, 139), 46.0
(168, 98, 245, 101, 240, 112), 42.0
(204, 141, 183, 31, 175, 203), 46.0
(186, 114, 214, 59, 246, 119), 38.0
(243, 96, 135, 54, 197, 147), 54.0
(255, 162, 111, 89, 200, 189), 40.0
(157, 109, 226, 46, 249, 119), 40.0
(235, 149, 78, 5, 149, 194), None
(203, 81, 235, 28, 188, 147), 44.0
(204, 140, 173, 31, 185, 166), 57.0
(248, 70, 289, 47, 224, 113), 42.0
(173, 148, 193, 87, 223, 138), 52.0
(215, 160, 109, 94, 203, 183), 50.0
(132, 124, 220, 43, 236, 133), 40.0
(150, 144, 150, 82, 207, 151), None
(206, 139, 157, 81, 241, 148), 38.0
(192, 100, 203, 36, 226, 176), 38.0
(176, 134, 171, 61, 260, 145), 44.0
(219, 113, 170, 44, 193, 113), None
(201, 142, 199, 76, 251, 175), 58.0
(213, 146, 113, 82, 226, 160), 44.0
(228, 127, 145, 54, 211, 136), 46.0
(182, 100, 235, 50, 255, 139), 32.0
(171, 154, 165, 57, 217, 172), 56.0
(160, 147, 161, 103, 257, 140), 55.0
(160, 133, 198, 97, 255, 147), 50.0
(184, 143, 206, 112, 233, 164), 62.0
(217, 121, 105, 17, 183, 205), 46.0
(187, 153, 122, 63, 214, 172), 46.0
(193, 132, 185, 60, 202, 173), 38.0
(243, 140, 118, 93, 194, 188), 42.0
(231, 108, 205, 43, 223, 160), 45.0
(188, 111, 204, 48, 221, 175), 42.0
(184, 107, 187, 45, 258, 166), 68.0
(215, 154, 133, 81, 222, 174), 40.0
(218, 119, 141, 50, 219, 215), 50.0
(175, 121, 245, 57, 240, 127), 46.0
(201, 137, 141, 67, 211, 187), 50.0
(211, 129, 141, 83, 250, 138), 48.0
(218, 121, 185, 89, 231, 157), 40.0
(213, 112, 197, 76, 226, 149), 42.0
(176, 121, 214, 55, 209, 181), 40.0
(185, 156, 142, 69, 216, 179), 42.0
(192, 114, 175, 113, 240, 137), 46.0
(187, 148, 212, 89, 237, 142), 50.0
(206, 130, 180, 85, 256, 162), 55.0
(160, 113, 229, 63, 260, 156), 40.0
(226, 169, 125, 78, 239, 182), 38.0
(212, 159, 165, 71, 239, 159), None
(212, 102, 192, 48, 219, 158), 32.0
(229, 120, 158, 54, 215, 209), 36.0
(168, 109, 211, 25, 215, 175), 40.0
(218, 131, 172, 40, 192, 195), 49.0
(214, 118, 181, 53, 236, 191), 60.0
(209, 142, 135, 57, 207, 199), 48.0
(201, 123, 189, 69, 240, 161), 50.0
(204, 133, 131, 44, 200, 197), 42.0
(218, 90, 240, 43, 241, 144), 49.0
(219, 107, 189, 52, 206, 192), 42.0
(220, 146, 112, 38, 219, 210), 42.0
(231, 116, 146, 39, 201, 198), 40.0
(245, 128, 142, 57, 224, 178), 44.0
(238, 106, 186, 56, 191, 205), 60.0
(218, 101, 218, 34, 215, 185), None
(213, 102, 183, 34, 211, 180), 49.0
(175, 101, 241, 55, 240, 141), 44.0
(215, 125, 141, 47, 190, 201), 46.0
(233, 117, 156, 29, 202, 203), 45.0
(223, 95, 157, 40, 212, 208), 32.0
(189, 120, 123, 52, 226, 228), 42.0
(251, 111, 99, 9, 192, 266), 32.0
(232, 109, 115, 29, 182, 230), 32.0
(239, 120, 165, 47, 223, 171), 44.0
(228, 107, 162, 58, 208, 198), 38.0
(225, 125, 133, 27, 201, 213), 40.0
(242, 118, 143, 53, 232, 194), 50.0
(228, 104, 149, 35, 220, 196), 40.0
(213, 96, 174, 44, 193, 204), 56.0
(171, 104, 120, 37, 223, 211), 40.0
(237, 116, 125, 50, 183, 229), 44.0
(283, 134, 61, 40, 166, 254), 39.0
(245, 129, 80, 18, 189, 254), 58.0
(211, 131, 151, 52, 198, 211), None
(241, 116, 85, 20, 198, 249), 44.0
(262, 79, 158, 31, 227, 194), 40.0
(221, 126, 141, 42, 174, 263), 58.0
(238, 104, 102, 3, 148, 279), 48.0
(241, 131, 126, 41, 228, 202), 42.0
(227, 147, 70, 56, 214, 211), 40.0
(280, 93, 76, 39, 180, 219), 58.0
(242, 106, 118, 36, 195, 235), 42.0
(239, 99, 81, 3, 205, 238), 48.0
(279, 111, 56, 11, 155, 283), 34.0
(275, 99, 37, 8, 196, 268), 35.0
(229, 134, 67, 65, 198, 232), 42.0
(294, 97, 58, 6, 166, 277), 40.0
(243, 113, 85, 17, 176, 240), 36.0
(221, 101, 78, 28, 205, 213), 40.0
(286, 132, 45, 14, 183, 253), 38.0
(297, 113, 15, 0, 145, 293), 40.0
(265, 132, 91, 32, 206, 251), 44.0
(224, 124, 106, 4, 140, 272), 46.0
(214, 116, 127, 26, 218, 197), 60.0
(235, 97, 128, 29, 202, 243), 34.0
(257, 136, 99, 61, 210, 211), 59.0
(267, 114, 46, 36, 165, 257), 40.0
(238, 119, 85, 28, 180, 223), 54.0
(263, 126, 75, 35, 186, 244), 40.0
(262, 105, 139, 37, 163, 256), 46.0
(225, 90, 135, 18, 209, 235), 50.0
(204, 125, 54, 9, 178, 245), 38.0
(234, 158, 171, 71, 208, 176), 46.0
(238, 80, 98, 2, 196, 236), 46.0
(204, 100, 129, 23, 219, 240), 46.0
(254, 88, 135, 15, 208, 223), 44.0
(218, 78, 80, 0, 168, 243), 40.0
(239, 109, 76, 30, 163, 247), 40.0
(262, 143, 38, 47, 175, 239), 36.0
(276, 125, 59, 16, 173, 239), 40.0
(226, 107, 70, 2, 181, 254), 36.0
(238, 100, 32, 15, 161, 285), 40.0
(205, 126, 97, 34, 190, 213), 40.0
(234, 120, 110, 28, 208, 212), 56.0
(243, 134, 53, 39, 202, 220), 40.0
(194, 75, 199, 24, 235, 170), 56.0
(242, 126, 84, 57, 176, 210), 48.0
(221, 87, 91, 36, 177, 253), 48.0
(265, 121, 35, 34, 179, 217), 50.0
(244, 141, 83, 26, 182, 229), 59.0
(274, 132, 47, 13, 160, 233), 40.0
(240, 131, 80, 43, 190, 225), 50.0
(223, 103, 101, 34, 204, 187), 56.0
(263, 116, 17, 25, 186, 262), 40.0
(287, 133, 22, 26, 160, 269), 44.0
(235, 104, 158, 43, 201, 194), 38.0
(219, 121, 82, 14, 167, 215), 36.0
(282, 138, 37, 33, 162, 264), 55.0
(268, 132, 44, 13, 154, 277), 40.0
(257, 126, 53, 31, 202, 221), 54.0
(247, 166, 59, 82, 168, 201), 58.0
(223, 124, 60, 21, 175, 214), 54.0
(260, 123, 90, 26, 193, 193), None
(260, 144, 10, 33, 142, 244), 52.0
(246, 135, 76, 24, 184, 223), 38.0
(204, 100, 165, 43, 205, 168), 40.0
(224, 106, 185, 50, 173, 148), 50.0
(221, 141, 98, 32, 174, 230), 46.0
(198, 113, 121, 27, 186, 228), 48.0
(214, 105, 125, 37, 215, 161), 42.0
(258, 135, 65, 8, 161, 246), 44.0
(223, 150, 76, 33, 179, 211), 40.0
(194, 124, 116, 16, 193, 226), 34.0
(240, 145, 67, 46, 174, 211), 40.0
(223, 130, 124, 42, 182, 200), 48.0
(223, 113, 114, 40, 182, 225), 46.0
(183, 113, 156, 19, 199, 212), 54.0
(193, 139, 103, 15, 180, 209), 36.0
(228, 135, 103, 44, 183, 212), 36.0
(199, 147, 91, 25, 192, 217), 44.0
(207, 161, 14, 33, 164, 275), 38.0
(174, 139, 134, 39, 205, 201), 32.0
(174, 132, 125, 33, 176, 194), 48.0
(178, 178, 90, 88, 227, 173), None
(141, 153, 146, 77, 222, 170), 44.0
(207, 157, 88, 64, 208, 204), 54.0
(226, 143, 97, 50, 206, 198), 40.0
(172, 147, 119, 18, 178, 195), 55.0
(182, 125, 116, 17, 179, 229), 44.0
(196, 125, 153, 31, 172, 207), 48.0
(187, 153, 63, 48, 206, 222), 51.0
(208, 144, 50, 15, 183, 246), 43.0
(227, 127, 69, 6, 176, 233), 44.0
(200, 147, 97, 42, 185, 211), 46.0
(218, 167, 55, 38, 180, 241), 46.0
(232, 150, 44, 42, 186, 233), 56.0
(241, 150, 62, 50, 193, 217), 40.0
(186, 143, 127, 48, 198, 183), 36.0
(207, 132, 70, 42, 209, 203), 46.0
(214, 147, 77, 34, 199, 240), 36.0
(213, 126, 163, 29, 187, 189), 49.0
(202, 141, 103, 49, 201, 216), 48.0
(206, 144, 86, 17, 182, 246), 50.0
(213, 144, 93, 40, 189, 205), 44.0
(176, 130, 124, 43, 202, 214), 48.0
(218, 117, 103, 27, 179, 225), 46.0
(207, 146, 90, 31, 179, 233), 40.0
(182, 123, 118, 23, 193, 209), 38.0
(197, 168, 44, 24, 177, 230), 48.0
(189, 134, 123, 39, 195, 185), 40.0
(208, 115, 112, 15, 178, 230), 54.0
(191, 133, 82, 33, 181, 225), 42.0
(192, 144, 79, 19, 157, 237), 40.0
(224, 126, 88, 11, 179, 243), 54.0
(214, 135, 91, 29, 183, 230), 40.0
(222, 136, 92, 30, 190, 222), None
(147, 123, 183, 20, 191, 182), 48.0
(212, 140, 87, 37, 184, 225), 56.0
(169, 135, 152, 28, 215, 180), 48.0
(190, 145, 139, 43, 204, 202), 42.0
(212, 141, 118, 51, 196, 196), None
(192, 172, 31, 28, 143, 263), 38.0
(215, 142, 100, 40, 183, 219), 54.0
(204, 157, 70, 53, 195, 216), 44.0
(215, 123, 83, 15, 174, 227), 36.0
(194, 135, 66, 17, 154, 248), 54.0
(213, 136, 76, 9, 165, 254), 38.0
(201, 138, 79, 18, 153, 253), 32.0
(202, 164, 43, 9, 143, 268), 40.0
(130, 131, 158, 32, 199, 206), 44.0
(225, 139, 51, 16, 161, 257), 44.0
(191, 146, 65, 20, 136, 242), 42.0
(208, 184, 7, 35, 163, 283), 60.0
(184, 128, 92, 4, 157, 240), 50.0
(179, 156, 80, 32, 147, 247), 38.0
(218, 148, 52, 5, 134, 275), 52.0
(256, 113, 59, 9, 148, 260), 44.0
(192, 143, 66, 8, 158, 269), 46.0
(210, 125, 85, 14, 148, 247), 46.0
(191, 154, 90, 25, 131, 238), 45.0
(200, 156, 56, 27, 143, 245), 36.0
(191, 169, 90, 42, 153, 225), 56.0
(231, 160, 4, 4, 98, 296), None
(184, 137, 118, 39, 169, 204), 40.0
(226, 129, 45, 21, 144, 258), 40.0
(177, 148, 76, 20, 133, 245), 42.0
(194, 151, 90, 42, 157, 232), 38.0
(196, 135, 73, 28, 162, 251), 44.0
(220, 155, 59, 18, 133, 258), 47.0
(199, 169, 38, 40, 143, 232), 42.0
(213, 154, 59, 37, 136, 249), 50.0
(178, 159, 96, 55, 166, 211), 43.0
(183, 162, 70, 44, 124, 248), 49.0
(202, 154, 58, 29, 153, 234), 62.0
(168, 145, 103, 40, 169, 214), 54.0
(199, 134, 58, 4, 119, 272), 51.0
(211, 140, 57, 20, 122, 266), 52.0
(178, 147, 90, 60, 194, 202), 42.0
(185, 151, 81, 38, 147, 245), 56.0
(173, 160, 113, 77, 188, 165), 38.0
(179, 177, 72, 65, 174, 194), 56.0
(198, 166, 63, 74, 190, 199), 48.0
(202, 167, 9, 42, 134, 267), 36.0
(215, 156, 26, 48, 130, 237), 57.0
(146, 152, 102, 43, 158, 208), 46.0
(182, 167, 70, 64, 167, 218), None
(141, 167, 94, 66, 180, 195), 34.0
(202, 168, 57, 74, 186, 202), None
(166, 175, 80, 78, 173, 184), 34.0
(163, 177, 56, 72, 141, 218), 34.0
(130, 203, 64, 77, 166, 203), None
(135, 161, 85, 65, 199, 166), 46.0
(139, 185, 46, 62, 165, 218), 38.0
(105, 199, 107, 92, 162, 167), 48.0
(223, 159, 47, 37, 151, 230), 38.0
(175, 160, 57, 63, 153, 229), 44.0
(182, 156, 48, 24, 143, 262), 34.0
(134, 143, 103, 67, 192, 206), 40.0
(183, 174, 45, 41, 142, 227), 44.0
(146, 193, 53, 63, 133, 233), 44.0
(187, 195, 23, 71, 151, 232), 42.0
(111, 153, 120, 48, 158, 186), 52.0
(186, 148, 110, 42, 151, 209), 54.0
(127, 148, 92, 57, 173, 193), 50.0
(183, 153, 71, 23, 167, 240), 46.0
(193, 155, 13, 31, 120, 286), 41.0
(167, 174, 56, 59, 152, 245), 46.0
(133, 168, 68, 41, 143, 237), 42.0
(176, 173, 70, 47, 149, 229), 44.0
(165, 142, 69, 25, 133, 248), 50.0
(190, 168, 48, 20, 108, 297), 43.0
(141, 144, 172, 76, 204, 172), None
(158, 176, 60, 60, 146, 238), None
(167, 135, 52, 26, 123, 265), 42.0
(115, 185, 75, 67, 159, 204), 52.0
(131, 198, 48, 101, 159, 198), None
