Sampler:TPESampler
(87, 77, 48), 40.0
(65, 25, 27), 26.0
(49, 12, 60), 24.0
(71, 77, 71), None
(31, 81, 1), 24.0
(21, 76, 54), 46.0
(78, 84, 37), 40.0
(73, 59, 74), 30.0
(54, 35, 44), 26.0
(57, 58, 90), 28.0
(0, 4, 16), 31.0
(25, 99, 7), 32.0
(40, 4, 1), 47.0
(39, 34, 64), 22.0
(42, 22, 65), 26.0
(1, 38, 99), 28.0
(43, 16, 82), 30.0
(12, 44, 59), 30.0
(95, 17, 37), 20.0
(96, 30, 29), 24.0
(96, 55, 38), 28.0
(51, 13, 61), 30.0
(61, 13, 77), 22.0
(82, 21, 79), 26.0
(64, 0, 87), 34.0
(88, 44, 68), 28.0
(29, 30, 24), 20.0
(15, 14, 21), 34.0
(35, 30, 37), 24.0
(88, 6, 46), 24.0
(28, 23, 14), 28.0
(35, 30, 52), 29.0
(64, 36, 24), 26.0
(18, 46, 75), 30.0
(47, 18, 29), 34.0
(59, 9, 32), 28.0
(36, 29, 58), 30.0
(9, 39, 43), 30.0
(72, 25, 49), 26.0
(23, 65, 18), 26.0
(77, 18, 72), 30.0
(89, 8, 45), 30.0
(48, 13, 65), 26.0
(93, 6, 54), 24.0
(93, 2, 53), 18.0
(79, 2, 11), 32.0
(84, 10, 40), 28.0
(99, 27, 32), 26.0
(29, 34, 55), 28.0
(67, 19, 78), 26.0
(39, 0, 86), 28.0
(53, 12, 63), 22.0
(56, 12, 64), 28.0
(44, 17, 68), 28.0
(52, 24, 94), 32.0
(91, 52, 62), 38.0
(68, 40, 69), 32.0
(61, 93, 34), 24.0
(31, 4, 25), 24.0
(94, 33, 56), 26.0
(45, 21, 41), 28.0
(35, 15, 50), 32.0
(98, 6, 48), 22.0
(83, 10, 48), 26.0
(98, 5, 6), 31.0
(85, 8, 51), 26.0
(95, 2, 59), 26.0
(54, 12, 82), 26.0
(76, 20, 77), 27.0
(40, 26, 71), 30.0
(90, 15, 63), 34.0
(25, 31, 35), 24.0
(95, 6, 53), 26.0
(30, 43, 40), 29.0
(50, 11, 57), 26.0
(99, 28, 28), None
(32, 3, 22), 43.0
(59, 67, 67), None
(47, 8, 60), 26.0
(64, 79, 34), 24.0
(62, 81, 46), 26.0
(21, 47, 34), 24.0
(92, 0, 53), 20.0
(92, 0, 1), 27.0
(89, 16, 47), 22.0
(87, 16, 42), 26.0
(97, 22, 49), 24.0
(79, 7, 46), 27.0
(86, 10, 44), 32.0
(92, 14, 55), 26.0
(74, 2, 38), 26.0
(96, 32, 18), 24.0
(81, 41, 17), 30.0
(27, 35, 52), 34.0
(89, 93, 30), 31.0
(24, 24, 26), None
(42, 18, 37), 24.0
(93, 5, 47), 32.0
(96, 22, 51), 32.0
(38, 4, 81), 26.0
(97, 20, 48), 24.0
(7, 38, 74), 28.0
(18, 19, 57), None
(69, 89, 36), 29.0
(55, 49, 39), 26.0
(88, 12, 44), 36.0
(33, 17, 66), 22.0
(99, 32, 13), 28.0
(60, 16, 66), 26.0
(34, 26, 61), 42.0
(52, 9, 23), 28.0
(22, 61, 70), 26.0
(18, 46, 74), 38.0
(27, 13, 33), 30.0
(33, 1, 26), 40.0
(94, 14, 49), 28.0
(91, 7, 63), 30.0
(43, 18, 31), 28.0
(63, 73, 19), 29.0
(82, 5, 53), 22.0
(37, 30, 53), 28.0
(85, 6, 55), 18.0
(82, 3, 59), 24.0
(85, 10, 54), 34.0
(41, 6, 65), 28.0
(97, 20, 56), 32.0
(88, 0, 58), 28.0
(90, 8, 42), 28.0
(86, 11, 51), 26.0
(93, 16, 50), 26.0
(32, 4, 60), 38.0
(81, 3, 59), 24.0
(20, 53, 47), 26.0
(77, 3, 62), 22.0
(83, 6, 62), 32.0
(29, 2, 56), 26.0
(91, 9, 54), 34.0
(74, 5, 67), 24.0
(57, 37, 72), 24.0
(26, 12, 65), 26.0
(78, 0, 89), 33.0
(70, 4, 25), 34.0
(94, 28, 52), 28.0
(61, 23, 44), 26.0
(97, 21, 48), 26.0
(47, 14, 46), 32.0
(84, 9, 61), 28.0
(94, 6, 55), 26.0
(24, 2, 63), 34.0
(81, 3, 58), 24.0
(35, 8, 21), 30.0
(87, 17, 49), 35.0
(53, 0, 72), 26.0
(65, 6, 57), 30.0
(75, 4, 54), 24.0
(30, 11, 52), 36.0
(72, 12, 54), 24.0
(77, 15, 37), 34.0
(36, 7, 41), 24.0
(67, 75, 28), 44.0
(50, 18, 31), 32.0
(58, 36, 67), 24.0
(92, 19, 43), 30.0
(99, 16, 69), 25.0
(31, 34, 39), 18.0
(89, 34, 37), 30.0
(58, 40, 68), 24.0
(81, 29, 60), 25.0
(33, 31, 34), 34.0
(39, 2, 39), None
(31, 4, 20), 28.0
(57, 37, 76), 32.0
(97, 24, 16), 26.0
(13, 42, 84), 26.0
(90, 9, 64), 32.0
(96, 21, 12), 32.0
(42, 33, 41), 30.0
(30, 35, 39), 18.0
(80, 3, 2), 40.0
(29, 84, 35), 26.0
(28, 27, 97), 32.0
(75, 13, 51), 24.0
(35, 34, 45), 29.0
(84, 32, 58), 24.0
(21, 58, 34), 24.0
(79, 99, 55), 30.0
(38, 0, 38), None
(45, 30, 32), 34.0
(93, 22, 50), 39.0
(95, 35, 52), 28.0
(55, 6, 9), 26.0
(25, 38, 73), 24.0
(31, 37, 29), 31.0
(26, 46, 35), 29.0
(75, 7, 53), 28.0
(37, 13, 39), 30.0
(91, 14, 50), 30.0
(95, 54, 36), 28.0
(87, 71, 61), 40.0
(85, 3, 58), 26.0
(81, 2, 60), 29.0
(32, 11, 42), 37.0
(98, 5, 66), 26.0
(18, 50, 79), 23.0
(34, 16, 79), 28.0
(72, 48, 56), 38.0
(9, 5, 24), 28.0
(15, 31, 54), 26.0
(51, 51, 78), None
(16, 0, 34), 32.0
(20, 41, 64), 29.0
(89, 40, 47), 24.0
(30, 18, 22), 30.0
(74, 9, 27), 28.0
(66, 7, 54), 28.0
(77, 8, 62), 24.0
(70, 4, 66), 28.0
(85, 65, 40), 31.0
(83, 50, 59), 30.0
(60, 34, 80), 30.0
(58, 36, 48), 35.0
(53, 38, 46), 42.0
(79, 17, 62), 24.0
(72, 11, 56), 28.0
(56, 49, 68), 30.0
(93, 32, 65), 29.0
(63, 33, 76), 30.0
(28, 58, 51), 24.0
(98, 78, 51), 33.0
(28, 44, 75), 30.0
(96, 2, 7), 25.0
(25, 12, 84), 27.0
(22, 1, 48), 26.0
(92, 58, 37), 30.0
(89, 56, 53), 30.0
(77, 40, 62), 34.0
(27, 4, 57), 48.0
(95, 28, 63), 28.0
(60, 36, 67), 24.0
(18, 88, 32), 26.0
(58, 36, 69), 42.0
(36, 7, 40), 26.0
(80, 6, 43), 32.0
(23, 85, 33), 24.0
(62, 39, 30), 22.0
(60, 94, 35), 28.0
(61, 39, 30), 24.0
(64, 29, 31), 30.0
(79, 19, 15), 36.0
(33, 31, 36), 38.0
(23, 90, 27), 24.0
(83, 35, 70), 28.0
(86, 33, 60), 24.0
(31, 15, 54), 26.0
(88, 38, 49), 28.0
(49, 3, 25), 33.0
(94, 26, 56), 30.0
(4, 20, 63), 26.0
(82, 5, 59), 26.0
(81, 2, 58), 24.0
(30, 43, 33), 26.0
(99, 85, 23), 24.0
(41, 17, 72), 28.0
(91, 62, 45), 26.0
(96, 36, 4), 28.0
(78, 9, 62), 24.0
(20, 32, 29), 28.0
(63, 4, 82), 31.0
(77, 8, 55), 26.0
(93, 38, 78), 36.0
(97, 15, 18), 36.0
(45, 23, 49), 32.0
(29, 96, 33), 28.0
(17, 2, 52), 34.0
(99, 78, 21), 26.0
(39, 13, 41), 28.0
(68, 0, 38), 28.0
(14, 47, 65), 28.0
(80, 5, 61), 31.0
(84, 1, 59), 24.0
(32, 84, 23), 32.0
(62, 41, 67), 26.0
(76, 10, 52), 28.0
(21, 35, 30), 34.0
(26, 39, 26), None
(57, 10, 73), 28.0
(90, 41, 46), 22.0
(33, 41, 44), 31.0
(53, 37, 64), 25.0
(36, 43, 38), 30.0
(55, 34, 70), 28.0
(87, 90, 27), 26.0
(23, 71, 30), 32.0
(66, 45, 47), 26.0
(59, 38, 77), 38.0
(96, 19, 50), 23.0
(90, 12, 53), 31.0
(95, 21, 48), 24.0
(75, 4, 80), 24.0
(95, 20, 46), 28.0
(86, 18, 27), 32.0
(92, 56, 51), 24.0
(90, 14, 48), 26.0
(48, 16, 75), 32.0
(88, 6, 91), 26.0
(92, 8, 62), 30.0
(94, 5, 71), 30.0
(51, 2, 68), 22.0
(52, 2, 55), 28.0
(50, 34, 67), 28.0
(74, 14, 81), 26.0
(93, 0, 51), 22.0
(84, 0, 50), 28.0
(96, 17, 42), 28.0
(54, 0, 67), 30.0
(70, 8, 50), 30.0
(91, 42, 37), 22.0
(90, 1, 65), 28.0
(93, 45, 39), 34.0
(91, 41, 45), 28.0
(97, 23, 49), 24.0
(94, 3, 57), 30.0
(98, 31, 53), 40.0
(28, 43, 52), 36.0
(88, 30, 36), 24.0
(91, 2, 85), 31.0
(11, 18, 50), 30.0
(86, 0, 56), 28.0
(96, 33, 46), 26.0
(47, 53, 40), 28.0
(92, 5, 25), 30.0
(89, 20, 47), 26.0
(43, 3, 64), 34.0
(56, 40, 69), 30.0
(34, 51, 43), 33.0
(54, 3, 53), 28.0
(93, 42, 47), 22.0
(93, 10, 44), 28.0
(92, 47, 51), 20.0
(90, 48, 50), 24.0
(92, 45, 48), 30.0
(94, 42, 51), 30.0
(19, 43, 35), 46.0
(88, 46, 51), 26.0
(94, 39, 76), 40.0
(91, 13, 49), 24.0
(89, 51, 44), 24.0
(31, 48, 46), 22.0
(31, 49, 47), 26.0
(95, 46, 42), 20.0
(93, 47, 42), 22.0
(94, 48, 41), 26.0
(91, 46, 42), 24.0
(97, 44, 39), 24.0
(95, 47, 44), 28.0
(92, 45, 42), 28.0
(99, 39, 38), 34.0
(92, 47, 45), 28.0
(30, 49, 40), 27.0
(96, 44, 42), 26.0
(90, 50, 45), 28.0
(32, 43, 38), 29.0
(87, 45, 44), 26.0
(93, 47, 43), 24.0
(97, 42, 40), 30.0
(93, 46, 43), 22.0
(95, 50, 46), 26.0
(90, 44, 42), 25.0
(28, 52, 40), 30.0
(92, 48, 45), 30.0
(50, 47, 37), 24.0
(99, 0, 39), 23.0
(89, 49, 47), 28.0
(95, 44, 41), 32.0
(97, 40, 47), 24.0
(34, 45, 37), 31.0
(87, 42, 45), 24.0
(90, 42, 44), 25.0
(91, 6, 48), 28.0
(94, 51, 42), 30.0
(95, 2, 40), 30.0
(97, 50, 42), 34.0
(92, 46, 44), 32.0
(95, 45, 46), 28.0
(93, 48, 39), 36.0
(88, 43, 53), 32.0
(90, 40, 37), 20.0
(89, 49, 41), 23.0
(93, 53, 37), 28.0
(86, 44, 46), 24.0
(91, 40, 35), 24.0
(89, 41, 48), 24.0
(96, 41, 49), 24.0
(91, 37, 37), None
(99, 52, 39), 26.0
(95, 46, 43), 20.0
(94, 45, 36), 32.0
(91, 43, 40), 30.0
(97, 45, 43), 28.0
(95, 42, 45), 26.0
(85, 47, 41), 22.0
(87, 0, 55), 34.0
(97, 15, 52), 30.0
(94, 46, 42), 20.0
(90, 38, 65), 32.0
(95, 43, 39), 28.0
(99, 36, 47), 38.0
(29, 48, 43), 24.0
(96, 7, 38), 24.0
(93, 46, 42), 20.0
(92, 50, 43), 30.0
(1, 46, 41), 28.0
(95, 46, 44), 22.0
(27, 41, 46), 26.0
(94, 49, 41), 28.0
(91, 44, 44), None
(86, 47, 41), 24.0
(97, 55, 38), 30.0
(88, 51, 40), 33.0
(85, 46, 95), 35.0
(30, 4, 50), 44.0
(93, 48, 35), 28.0
(89, 28, 52), 24.0
(90, 2, 51), 23.0
(94, 50, 39), 26.0
(97, 45, 46), 28.0
(98, 45, 37), 30.0
(92, 46, 40), 28.0
(96, 48, 42), 22.0
(84, 49, 10), 26.0
(87, 10, 54), 34.0
(83, 52, 42), 36.0
(99, 6, 56), 31.0
(95, 54, 44), 40.0
(46, 0, 49), 28.0
(95, 3, 54), 26.0
(97, 44, 45), 26.0
(91, 38, 33), 24.0
(93, 46, 41), 26.0
(82, 5, 48), 24.0
(93, 49, 42), 26.0
(95, 46, 40), 28.0
(37, 35, 44), 28.0
(92, 47, 43), 26.0
(96, 49, 42), 24.0
(89, 51, 40), 29.0
(99, 46, 44), 26.0
(89, 25, 36), 38.0
(96, 44, 45), 24.0
(26, 40, 49), 30.0
(97, 42, 38), 24.0
(95, 45, 43), 26.0
(92, 32, 46), 24.0
(93, 40, 34), 30.0
(88, 42, 40), 32.0
(52, 36, 46), 26.0
(87, 48, 47), 34.0
(98, 49, 36), 36.0
(30, 51, 58), 24.0
(94, 49, 42), 24.0
(86, 0, 53), 32.0
(48, 38, 33), 34.0
(90, 43, 31), 32.0
(99, 39, 51), 23.0
(93, 47, 39), 35.0
(91, 44, 42), 25.0
(94, 43, 38), 28.0
(91, 36, 45), 48.0
(96, 47, 40), 26.0
(90, 1, 54), 30.0
(33, 26, 47), 24.0
(39, 5, 68), 40.0
(50, 2, 37), 26.0
(83, 41, 36), 26.0
(91, 8, 50), 28.0
(85, 42, 48), 24.0
(97, 15, 71), 23.0
(41, 33, 52), 28.0
(95, 45, 48), 32.0
(95, 40, 29), 24.0
(92, 51, 42), 38.0
(85, 44, 39), 28.0
(94, 52, 44), 27.0
(97, 4, 41), 30.0
(27, 2, 64), 26.0
(99, 49, 39), 22.0
(99, 49, 38), 37.0
Sampler:BoTorchSampler
(62, 3, 62), None
(82, 81, 43), 32.0
(10, 74, 59), 28.0
(62, 97, 65), 31.0
(76, 32, 19), 25.0
(83, 70, 18), 28.0
(69, 88, 98), 39.0
(92, 0, 96), 27.0
(16, 14, 32), 40.0
(89, 94, 76), 30.0
(44, 46, 19), 29.0
(82, 39, 2), 22.0
(49, 35, 0), 24.0
(79, 23, 0), 33.0
(38, 40, 16), 32.0
(73, 47, 0), 26.0
(98, 45, 17), 26.0
(15, 35, 51), 32.0
(74, 38, 0), 26.0
(44, 52, 0), 32.0
(81, 42, 36), 26.0
(23, 29, 69), 30.0
(93, 29, 69), 29.0
(90, 39, 0), 25.0
(83, 56, 0), 28.0
(0, 89, 17), 24.0
(0, 72, 0), None
(0, 17, 0), None
(0, 84, 0), None
(0, 54, 0), None
(0, 35, 0), None
(0, 34, 0), None
(0, 74, 0), None
(0, 53, 0), None
(0, 97, 0), None
(0, 78, 0), None
(0, 63, 0), None
(0, 61, 0), None
(0, 47, 0), None
(0, 0, 0), None
(0, 98, 0), None
(0, 29, 0), None
(0, 71, 0), None
(0, 95, 0), None
(0, 12, 0), None
(0, 77, 0), None
(0, 60, 0), None
(0, 67, 0), None
(0, 39, 0), None
(0, 59, 0), None
(0, 75, 0), None
(0, 51, 0), None
(0, 93, 0), None
(0, 45, 0), None
(0, 1, 0), None
(0, 58, 0), None
(0, 13, 0), None
(0, 25, 0), None
(0, 22, 0), None
(0, 43, 0), None
(0, 90, 0), None
(0, 82, 0), None
(0, 38, 0), None
(0, 52, 0), None
(0, 79, 0), None
(0, 30, 0), None
(0, 21, 0), None
(0, 10, 0), None
(0, 15, 0), None
(0, 87, 0), None
(0, 64, 0), None
(0, 83, 0), None
(0, 56, 0), None
(0, 66, 0), None
(0, 6, 0), None
(0, 11, 0), None
(0, 44, 0), None
(0, 7, 0), None
(0, 36, 0), None
(0, 48, 0), None
(0, 94, 0), None
(0, 99, 0), None
(0, 76, 0), None
(0, 19, 0), None
(0, 88, 0), None
(0, 14, 0), None
(0, 4, 0), None
(0, 28, 0), None
(0, 85, 0), None
(0, 16, 0), None
(0, 70, 0), None
(0, 80, 0), None
(0, 57, 0), None
(0, 32, 0), None
(0, 37, 0), None
(0, 73, 0), None
(0, 3, 0), None
(0, 5, 0), None
(0, 9, 0), None
(0, 69, 0), None
(0, 2, 0), None
(0, 33, 0), None
(0, 62, 0), None
(0, 68, 0), None
(0, 55, 0), None
(0, 26, 0), None
(0, 8, 0), None
(0, 24, 0), None
(0, 91, 0), None
(0, 96, 0), None
(0, 23, 0), None
(0, 89, 0), None
(0, 18, 0), None
(0, 27, 0), None
(0, 42, 0), None
(0, 41, 0), None
(0, 31, 0), None
(0, 50, 0), None
(0, 81, 0), None
(0, 46, 0), None
(0, 86, 0), None
(0, 49, 0), None
(0, 92, 0), None
Sampler:TPESampler
(84, 11, 40), 34.0
(65, 73, 30), 34.0
(37, 12, 66), 26.0
(99, 60, 40), 31.0
(93, 30, 24), 24.0
(89, 53, 23), 24.0
(68, 62, 45), 28.0
(40, 83, 19), 26.0
(68, 42, 94), 24.0
(79, 33, 45), 35.0
(9, 99, 3), 27.0
(99, 28, 10), 24.0
(86, 49, 24), 24.0
(50, 24, 62), 20.0
(12, 23, 63), 37.0
(28, 1, 64), 28.0
(52, 20, 83), 24.0
(57, 41, 90), 24.0
(71, 42, 97), 36.0
(0, 0, 76), None
(25, 12, 58), 30.0
(54, 19, 83), 30.0
(54, 36, 80), 38.0
(95, 30, 6), 24.0
(43, 40, 55), 36.0
(61, 51, 72), 35.0
(78, 61, 91), 32.0
(31, 49, 32), 30.0
(93, 29, 11), 24.0
(77, 23, 54), 32.0
(47, 8, 89), 18.0
(47, 8, 11), 38.0
(61, 15, 89), 26.0
(48, 19, 71), 28.0
(34, 8, 85), 26.0
(58, 26, 34), 30.0
(43, 37, 97), 24.0
(90, 30, 8), 26.0
(22, 6, 3), 38.0
(19, 72, 76), 24.0
(13, 76, 69), 24.0
(13, 81, 69), 24.0
(3, 84, 68), 26.0
(85, 37, 22), 24.0
(42, 43, 98), 26.0
(36, 71, 60), 30.0
(51, 97, 88), 37.0
(93, 32, 28), 26.0
(73, 15, 41), 30.0
(45, 20, 93), 26.0
(83, 66, 79), 30.0
(84, 56, 17), 28.0
(64, 47, 47), None
(97, 25, 15), 28.0
(56, 45, 75), 27.0
(39, 16, 85), 32.0
(96, 36, 1), 24.0
(15, 82, 66), 26.0
(67, 3, 95), 30.0
(90, 37, 22), 26.0
(51, 28, 81), 26.0
(24, 12, 76), 24.0
(18, 77, 62), 26.0
(73, 56, 87), 36.0
(33, 10, 93), 33.0
(59, 35, 99), 30.0
(99, 38, 0), 24.0
(8, 89, 52), 24.0
(6, 92, 53), 26.0
(29, 69, 72), 26.0
(20, 56, 79), 38.0
(96, 38, 2), 28.0
(46, 22, 90), 26.0
(54, 51, 84), 34.0
(14, 76, 69), 24.0
(12, 76, 69), 26.0
(17, 81, 57), 24.0
(18, 81, 57), 28.0
(26, 88, 63), 26.0
(82, 32, 15), 32.0
(23, 5, 76), 24.0
(1, 29, 10), 32.0
(9, 94, 1), 22.0
(92, 34, 6), 30.0
(6, 91, 5), 24.0
(8, 96, 5), 29.0
(4, 88, 51), 24.0
(42, 68, 36), 28.0
(10, 64, 66), 24.0
(10, 44, 14), 32.0
(15, 73, 73), None
(14, 4, 68), 34.0
(87, 93, 0), 28.0
(94, 99, 7), 27.0
(99, 26, 2), 28.0
(22, 40, 60), 35.0
(4, 12, 76), 24.0
(5, 0, 11), 35.0
(2, 64, 50), 32.0
(10, 9, 65), 28.0
(16, 84, 74), 30.0
(18, 17, 0), 22.0
(18, 86, 4), 30.0
(88, 93, 8), 28.0
(8, 12, 0), 29.0
(85, 17, 58), 34.0
(90, 13, 27), 28.0
(0, 90, 44), 28.0
(95, 31, 12), 30.0
(21, 20, 56), 28.0
(6, 6, 77), None
(3, 24, 71), 34.0
(97, 28, 9), 25.0
(49, 39, 96), 30.0
(10, 22, 3), 31.0
(38, 17, 78), 27.0
(4, 96, 81), 24.0
(12, 79, 81), 24.0
(99, 97, 1), 27.0
(24, 7, 20), 24.0
(92, 46, 6), 24.0
(26, 47, 18), 28.0
(7, 13, 87), 25.0
(16, 2, 52), 40.0
(19, 73, 60), 28.0
(71, 34, 47), 28.0
(12, 79, 5), 28.0
(4, 95, 66), 24.0
(11, 95, 82), 36.0
(92, 59, 7), 28.0
(7, 89, 80), 23.0
(44, 26, 92), 32.0
(29, 89, 86), 38.0
(14, 78, 69), 37.0
(13, 81, 63), 34.0
(8, 86, 70), 26.0
(63, 86, 61), 28.0
(5, 91, 80), 34.0
(41, 88, 52), 35.0
(7, 94, 49), 30.0
(92, 42, 0), 29.0
(96, 35, 3), 32.0
(32, 99, 66), 35.0
(35, 5, 2), 30.0
(12, 31, 91), 30.0
(81, 29, 83), 28.0
(4, 73, 63), 18.0
(1, 97, 73), 26.0
(6, 71, 13), 32.0
(23, 8, 4), 40.0
(20, 74, 68), 28.0
(16, 80, 64), 30.0
(2, 84, 75), 28.0
(23, 67, 77), 27.0
(9, 75, 94), 30.0
(18, 82, 81), 28.0
(25, 6, 79), 34.0
(4, 10, 72), 40.0
(52, 71, 57), 26.0
(8, 91, 59), 26.0
(14, 77, 70), 26.0
(47, 79, 55), 32.0
(15, 71, 67), 24.0
(18, 84, 64), 26.0
(21, 74, 74), None
(10, 38, 35), 20.0
(2, 53, 38), 28.0
(10, 48, 66), 29.0
(98, 18, 29), 29.0
(12, 22, 63), 38.0
(16, 77, 71), 24.0
(13, 15, 43), 33.0
(9, 75, 54), 28.0
(10, 87, 51), 28.0
(24, 6, 27), 26.0
(6, 64, 99), 26.0
(0, 41, 22), 35.0
(11, 38, 32), 27.0
(4, 69, 21), 30.0
(28, 8, 84), 28.0
(15, 36, 68), 41.0
(7, 90, 25), 31.0
(17, 77, 71), 24.0
(56, 37, 1), 32.0
(16, 73, 62), 28.0
(19, 80, 72), 31.0
(12, 93, 88), 23.0
(5, 92, 88), 22.0
(77, 45, 88), 37.0
(4, 93, 85), 27.0
(6, 92, 90), 30.0
(8, 89, 48), 18.0
(13, 89, 35), 40.0
(9, 33, 41), 28.0
(14, 93, 96), 21.0
(12, 93, 48), 24.0
(50, 94, 96), 35.0
(11, 92, 98), 23.0
(3, 96, 97), 26.0
(10, 90, 93), 40.0
(8, 95, 99), 36.0
(8, 86, 95), 31.0
(96, 98, 97), 32.0
(6, 89, 91), 22.0
(11, 91, 92), 32.0
(14, 94, 88), 24.0
(15, 92, 90), 26.0
(6, 87, 95), 28.0
(11, 59, 65), 28.0
(12, 82, 0), 35.0
(9, 96, 19), 30.0
(74, 3, 31), 28.0
(60, 91, 49), 28.0
(7, 93, 46), 26.0
(14, 84, 93), 30.0
(9, 70, 91), 28.0
(5, 11, 75), 26.0
(17, 12, 77), 24.0
(3, 89, 89), None
(21, 94, 67), 24.0
(18, 76, 70), 24.0
(16, 76, 73), 24.0
(4, 88, 86), 24.0
(14, 39, 88), 35.0
(13, 92, 89), 23.0
(12, 91, 43), 20.0
(7, 92, 83), 31.0
(68, 89, 88), 33.0
(12, 95, 44), 26.0
(10, 90, 40), 16.0
(5, 91, 86), 24.0
(13, 86, 58), 26.0
(44, 90, 40), 30.0
(15, 94, 48), 30.0
(11, 93, 43), 26.0
(9, 96, 39), 23.0
(9, 90, 38), 28.0
(11, 98, 37), 24.0
(8, 15, 41), 26.0
(11, 98, 25), 28.0
(14, 72, 42), 34.0
(6, 87, 53), 28.0
(10, 78, 40), 24.0
(7, 91, 51), 28.0
(99, 94, 46), 26.0
(13, 74, 68), 24.0
(9, 92, 65), 34.0
(48, 96, 97), 45.0
(15, 96, 39), 28.0
(17, 10, 82), 26.0
(12, 92, 45), 26.0
(56, 16, 91), 28.0
(20, 76, 71), 28.0
(19, 88, 73), 28.0
(21, 50, 77), 26.0
(1, 12, 86), 27.0
(17, 95, 2), 22.0
(3, 99, 0), 28.0
(5, 94, 86), 26.0
(10, 98, 37), 24.0
(6, 91, 3), 28.0
(4, 88, 88), None
(65, 89, 5), 22.0
(67, 88, 2), 34.0
(10, 93, 34), 28.0
(13, 95, 94), 24.0
(8, 62, 2), 26.0
(39, 90, 36), 32.0
(17, 85, 4), 28.0
(13, 90, 0), 35.0
(0, 4, 61), 37.0
(62, 92, 91), 34.0
(10, 96, 6), 24.0
(16, 96, 7), 34.0
(37, 90, 2), 26.0
(11, 93, 47), 24.0
(8, 13, 59), 40.0
(89, 7, 15), 40.0
(7, 54, 39), 28.0
(14, 89, 89), None
(12, 94, 43), 20.0
(28, 19, 40), 35.0
(11, 1, 4), 33.0
(86, 94, 44), 29.0
(8, 44, 84), 28.0
(19, 94, 93), 30.0
(12, 98, 36), 30.0
(13, 96, 94), 23.0
(9, 96, 41), 24.0
(6, 96, 43), 30.0
(52, 92, 94), 38.0
(10, 95, 97), 33.0
(12, 99, 38), 26.0
(64, 93, 49), 28.0
(71, 91, 99), 34.0
(9, 97, 45), 30.0
(2, 87, 90), 26.0
(16, 94, 92), 24.0
(3, 99, 32), 26.0
(11, 92, 95), 36.0
(79, 24, 41), 30.0
(18, 85, 78), 36.0
(15, 9, 56), 28.0
(13, 89, 2), 29.0
(7, 88, 81), 24.0
(13, 87, 64), 28.0
(31, 97, 9), 24.0
(34, 27, 90), 28.0
(15, 91, 96), 23.0
(16, 91, 92), 25.0
(11, 90, 96), 28.0
(5, 88, 95), 30.0
(8, 92, 98), 24.0
(94, 95, 94), None
(20, 96, 7), 24.0
(9, 93, 42), 26.0
(9, 90, 42), 28.0
(16, 88, 85), 32.0
(10, 46, 6), 26.0
(5, 92, 87), 22.0
(53, 20, 84), 32.0
(6, 86, 80), 24.0
(5, 96, 90), 23.0
(5, 96, 91), 23.0
(2, 97, 90), 26.0
(5, 92, 92), None
(4, 93, 87), 22.0
(7, 93, 87), 24.0
(0, 90, 88), 24.0
(3, 92, 92), None
(4, 97, 89), 33.0
(7, 94, 97), 28.0
(2, 99, 87), 26.0
(5, 95, 91), 23.0
(7, 91, 96), 23.0
(5, 96, 93), 21.0
(6, 90, 99), 25.0
(8, 92, 96), 23.0
(4, 95, 89), 26.0
(2, 92, 96), 25.0
(5, 97, 94), 27.0
(3, 94, 91), 30.0
(58, 89, 93), 45.0
(5, 95, 90), 26.0
(1, 97, 86), 29.0
(8, 93, 93), None
(5, 99, 89), 29.0
(10, 97, 46), 30.0
(0, 95, 91), 30.0
(6, 91, 99), 25.0
(4, 94, 93), 27.0
(76, 89, 87), 32.0
(3, 85, 91), 24.0
(7, 92, 97), 24.0
(10, 95, 94), 35.0
(8, 90, 44), 34.0
(5, 83, 85), 24.0
(8, 91, 97), 23.0
(66, 93, 4), 28.0
(5, 93, 96), 21.0
(7, 86, 96), 32.0
(41, 88, 0), 26.0
(3, 97, 95), 23.0
(6, 94, 40), 26.0
(70, 90, 98), 39.0
(11, 87, 83), 24.0
(2, 99, 94), 24.0
(7, 93, 35), 38.0
(6, 91, 95), 23.0
(46, 22, 38), 30.0
(4, 97, 91), 20.0
(3, 89, 98), 32.0
(2, 93, 92), 32.0
(1, 97, 89), 28.0
(4, 99, 93), 23.0
(0, 89, 49), 23.0
(4, 98, 2), 23.0
(9, 96, 43), 28.0
(12, 92, 88), 23.0
(14, 30, 45), 32.0
(9, 94, 99), 30.0
(7, 87, 86), 34.0
(8, 90, 33), 28.0
(3, 91, 50), 24.0
(12, 93, 95), 31.0
(6, 88, 47), 22.0
(15, 86, 45), 20.0
(6, 84, 47), 30.0
(5, 85, 3), 28.0
(9, 17, 45), 28.0
(8, 86, 43), 28.0
(4, 98, 47), 28.0
(2, 99, 53), 32.0
(0, 88, 49), 25.0
(60, 57, 43), 32.0
(54, 89, 46), 30.0
(2, 82, 51), 20.0
(2, 85, 50), 28.0
(17, 87, 51), 24.0
(4, 83, 0), 31.0
(0, 81, 55), 26.0
(6, 25, 17), 32.0
(0, 83, 5), 29.0
(74, 87, 42), 34.0
(3, 88, 47), 30.0
(2, 96, 45), 30.0
(4, 96, 47), 26.0
(10, 91, 44), 30.0
(6, 89, 53), 28.0
(36, 86, 48), 30.0
(81, 91, 89), 26.0
(14, 94, 0), 23.0
(7, 66, 92), 30.0
(0, 87, 45), 30.0
(8, 52, 30), 30.0
(16, 14, 3), 31.0
(0, 89, 3), 28.0
(15, 91, 95), 23.0
(4, 84, 93), 26.0
(50, 20, 50), None
(6, 94, 41), 30.0
(10, 32, 86), 33.0
(3, 93, 91), 32.0
(69, 95, 43), 26.0
(31, 99, 1), 28.0
(4, 89, 45), 32.0
(12, 92, 93), 32.0
(11, 91, 97), 24.0
(5, 94, 91), 25.0
(8, 0, 39), 36.0
(15, 89, 48), 30.0
(6, 95, 26), 30.0
(2, 85, 42), 28.0
(13, 92, 88), 23.0
(18, 41, 84), 26.0
(55, 87, 90), 24.0
(11, 28, 11), None
(64, 82, 1), 26.0
(43, 93, 99), 28.0
(5, 90, 52), 32.0
(9, 95, 0), 20.0
(8, 94, 0), 20.0
(9, 93, 4), 24.0
(8, 95, 4), 24.0
(10, 34, 0), 33.0
(7, 97, 2), 23.0
(10, 97, 1), 28.0
(9, 95, 5), 26.0
(11, 95, 0), 27.0
(13, 97, 2), 32.0
(7, 94, 0), 22.0
(57, 95, 0), 28.0
(9, 93, 3), 24.0
(48, 49, 6), 36.0
(8, 92, 2), 24.0
(2, 90, 0), 33.0
(7, 23, 0), 27.0
(52, 97, 0), 30.0
(22, 94, 4), 30.0
(61, 97, 2), 26.0
(12, 62, 5), 36.0
(6, 94, 61), 28.0
(6, 89, 9), 39.0
(4, 91, 58), 25.0
(10, 87, 7), 24.0
(8, 15, 0), 17.0
(13, 11, 3), 30.0
(8, 17, 2), 27.0
(11, 16, 0), 33.0
(49, 9, 2), 38.0
(18, 21, 3), 31.0
(14, 18, 0), 23.0
(40, 92, 6), 30.0
(7, 6, 46), 33.0
(2, 10, 28), 34.0
(4, 14, 2), 31.0
(9, 12, 1), 25.0
(11, 25, 0), 31.0
(6, 2, 50), 44.0
(10, 84, 4), 30.0
(8, 80, 44), 34.0
(3, 14, 55), 26.0
(15, 55, 41), 24.0
(5, 96, 38), 30.0
(83, 99, 1), 24.0
(13, 4, 4), None
(45, 86, 48), 28.0
(12, 96, 5), 24.0
(6, 88, 23), 26.0
(9, 93, 87), 28.0
(17, 8, 0), 25.0
(20, 90, 8), 24.0
(15, 95, 3), 24.0
(4, 93, 0), 31.0
(51, 43, 82), 28.0
Sampler:BoTorchSampler
(83, 70, 17), 24.0
(70, 33, 46), 28.0
(76, 97, 46), 40.0
(49, 66, 76), 30.0
(54, 33, 26), 30.0
(17, 74, 96), 28.0
(59, 94, 36), 28.0
(63, 7, 45), 40.0
(11, 50, 85), 34.0
(98, 66, 70), 28.0
(85, 56, 20), 26.0
(62, 65, 8), 24.0
(59, 64, 24), 26.0
(74, 69, 0), 26.0
(44, 80, 8), 34.0
(74, 61, 26), 24.0
(67, 57, 7), 24.0
(73, 63, 16), 26.0
(69, 52, 40), 28.0
(94, 67, 11), 24.0
(89, 66, 27), 28.0
(83, 60, 0), 44.0
(59, 60, 27), 24.0
(66, 64, 28), 24.0
(58, 58, 23), None
(58, 57, 23), 33.0
(85, 62, 39), 28.0
(73, 71, 27), 26.0
(19, 51, 40), 32.0
(33, 52, 40), 34.0
(73, 72, 22), 30.0
(77, 51, 41), 31.0
(9, 70, 30), 24.0
(44, 71, 37), 32.0
(0, 69, 11), 29.0
(0, 89, 38), 24.0
(0, 93, 32), 29.0
(0, 89, 55), 34.0
(5, 56, 23), 30.0
(74, 55, 23), 31.0
(38, 80, 18), 26.0
(53, 81, 18), 36.0
(3, 69, 36), 42.0
(14, 67, 34), 30.0
(91, 67, 33), 25.0
(27, 68, 37), 24.0
(62, 68, 39), 28.0
(64, 68, 40), 26.0
(24, 69, 40), 32.0
(62, 69, 40), 28.0
(93, 69, 39), 39.0
(0, 38, 0), None
(38, 54, 0), 24.0
(37, 53, 0), 28.0
(39, 59, 0), 31.0
(91, 45, 4), 24.0
(71, 32, 0), 27.0
(93, 34, 8), 26.0
(66, 27, 0), 28.0
(67, 20, 0), 26.0
(4, 3, 0), 39.0
(71, 28, 0), 25.0
(13, 23, 0), 32.0
(15, 25, 0), 30.0
(48, 24, 0), 30.0
(9, 0, 0), None
(84, 24, 0), 28.0
(84, 39, 16), 26.0
(70, 38, 16), 26.0
(47, 38, 16), 35.0
(31, 29, 0), 33.0
(64, 30, 0), 28.0
(29, 31, 0), 33.0
(65, 31, 0), 28.0
(98, 29, 0), 23.0
(72, 20, 0), 31.0
(63, 0, 0), None
(54, 35, 18), 34.0
(34, 36, 0), 32.0
(1, 36, 0), 29.0
(84, 36, 0), 26.0
(2, 35, 0), 38.0
(72, 36, 0), 28.0
(1, 35, 0), 31.0
(55, 15, 0), 26.0
(89, 17, 0), 24.0
(73, 9, 0), 24.0
(32, 4, 0), 33.0
(90, 7, 0), 27.0
(65, 12, 0), 26.0
(58, 12, 0), 29.0
(65, 13, 0), 28.0
(86, 14, 0), 21.0
(62, 10, 60), 30.0
(21, 8, 58), 30.0
(17, 10, 31), 43.0
(19, 0, 0), None
(12, 0, 0), None
(98, 0, 0), None
(81, 0, 0), None
(50, 0, 0), None
(39, 0, 0), None
(16, 0, 0), None
(64, 0, 0), None
(95, 0, 0), None
(99, 33, 29), 24.0
(36, 0, 0), None
(61, 0, 0), None
(85, 0, 0), None
(76, 23, 87), 29.0
(24, 0, 0), None
(4, 0, 11), None
(59, 0, 0), None
(13, 93, 28), 24.0
(8, 0, 9), 29.0
(53, 0, 8), 28.0
(84, 7, 11), 24.0
(38, 0, 7), 38.0
(29, 0, 0), None
(88, 0, 0), None
(77, 0, 0), None
(45, 0, 0), None
(95, 0, 20), 29.0
(5, 37, 68), 38.0
(0, 75, 0), None
(27, 64, 31), 28.0
(12, 16, 58), 32.0
(15, 1, 73), 28.0
(37, 10, 70), 28.0
(5, 22, 14), 30.0
(15, 64, 21), 24.0
(69, 0, 0), None
(15, 22, 12), 41.0
(90, 0, 0), None
(0, 68, 0), None
(23, 0, 0), None
(22, 0, 0), None
(60, 39, 58), 25.0
(0, 46, 2), 33.0
(86, 0, 0), None
(79, 0, 0), None
(82, 0, 0), None
(72, 0, 0), None
(90, 51, 84), 30.0
(68, 54, 0), 28.0
(46, 0, 0), None
(0, 24, 0), None
(42, 0, 0), None
(89, 22, 15), 26.0
(54, 0, 0), None
(94, 1, 15), 24.0
(43, 0, 3), 33.0
(32, 0, 0), None
(72, 26, 64), 30.0
(19, 11, 27), 28.0
(17, 95, 42), 26.0
(13, 0, 0), None
(18, 65, 50), 26.0
(93, 32, 51), 46.0
(73, 0, 0), None
(6, 0, 0), None
(28, 0, 0), None
(53, 0, 0), None
(75, 0, 0), None
(44, 0, 45), 33.0
(36, 76, 5), 26.0
(52, 0, 0), None
(56, 0, 0), None
(17, 0, 0), None
(33, 0, 0), None
(62, 0, 0), None
(75, 36, 48), 20.0
(74, 98, 79), 38.0
(90, 61, 71), 40.0
(59, 30, 40), 24.0
(27, 35, 5), 32.0
(12, 99, 5), 24.0
(43, 16, 62), 42.0
(5, 14, 66), 22.0
(28, 24, 4), 32.0
(81, 89, 45), 26.0
(18, 96, 26), 27.0
(7, 95, 15), 30.0
(21, 70, 78), 24.0
(68, 42, 13), 26.0
(25, 58, 92), 25.0
(95, 15, 80), 24.0
(79, 12, 88), 26.0
(86, 89, 68), 31.0
(54, 77, 63), 28.0
(79, 85, 39), 38.0
(75, 28, 16), 26.0
(50, 46, 28), 32.0
(40, 17, 24), 34.0
(33, 69, 59), 27.0
(46, 86, 90), 30.0
(73, 99, 23), 24.0
(11, 42, 49), 28.0
(70, 95, 59), 29.0
(58, 48, 54), 28.0
(8, 51, 38), 28.0
(81, 41, 33), 32.0
(52, 69, 43), 29.0
(7, 27, 12), 33.0
(12, 40, 90), 24.0
(63, 30, 23), 32.0
(12, 41, 31), 32.0
(16, 64, 53), 30.0
(20, 14, 58), 30.0
(70, 90, 90), None
(97, 84, 69), 42.0
(24, 58, 85), 24.0
(50, 43, 82), 28.0
(78, 95, 96), 40.0
(51, 19, 74), 30.0
(91, 75, 82), 42.0
(0, 0, 32), None
(20, 46, 97), 28.0
(33, 48, 16), 28.0
(17, 89, 47), 18.0
(47, 14, 25), 43.0
(10, 57, 2), 26.0
(46, 73, 44), 24.0
(14, 50, 52), 26.0
(36, 98, 93), 24.0
(46, 66, 28), 28.0
(77, 89, 65), 48.0
(69, 97, 83), 40.0
(38, 40, 41), 28.0
(79, 12, 9), 34.0
(50, 17, 82), 28.0
(98, 66, 97), 37.0
(72, 54, 28), 39.0
(62, 16, 21), 32.0
(39, 91, 29), 28.0
(82, 65, 55), 32.0
(36, 45, 70), 39.0
(70, 78, 69), 26.0
(92, 26, 49), 26.0
(63, 66, 69), 42.0
(57, 4, 61), 24.0
(70, 54, 68), 28.0
(1, 65, 55), 28.0
(11, 24, 60), 36.0
(73, 10, 73), None
(74, 77, 32), 28.0
(78, 52, 61), 34.0
(26, 58, 20), 28.0
(71, 73, 53), 25.0
(55, 35, 81), 26.0
(3, 17, 30), 36.0
(17, 6, 13), 34.0
(50, 45, 60), 28.0
(44, 82, 35), 40.0
(75, 47, 53), 26.0
(13, 11, 16), 28.0
(61, 50, 10), 37.0
(19, 31, 49), 34.0
(10, 35, 56), 30.0
(1, 67, 40), 20.0
(20, 83, 65), 27.0
(51, 26, 56), 26.0
(8, 46, 70), 32.0
(4, 66, 27), 28.0
(85, 62, 49), 30.0
(33, 58, 39), 23.0
(84, 12, 27), 22.0
(69, 22, 57), 34.0
(26, 49, 77), 32.0
(9, 89, 9), None
(15, 88, 47), 28.0
(79, 79, 78), None
(10, 59, 37), 32.0
(11, 43, 88), 36.0
(72, 38, 11), 24.0
(99, 14, 41), 28.0
(14, 99, 40), 26.0
(21, 18, 76), 24.0
(2, 43, 14), 36.0
(27, 48, 91), 29.0
(56, 84, 50), 28.0
(79, 79, 31), None
(3, 82, 79), 24.0
(74, 2, 16), 24.0
(15, 98, 36), 26.0
(15, 12, 50), 44.0
(91, 63, 4), 26.0
(70, 50, 27), 24.0
(86, 41, 91), 37.0
(99, 99, 87), None
(71, 95, 20), 38.0
(3, 29, 7), 43.0
(70, 55, 87), 24.0
(55, 56, 97), 26.0
(50, 13, 9), 30.0
(87, 43, 55), 33.0
(37, 96, 91), 29.0
(85, 24, 57), 28.0
(22, 16, 26), 35.0
(18, 11, 93), 26.0
(34, 4, 61), 36.0
(67, 79, 98), 30.0
(15, 77, 91), 24.0
(33, 1, 14), 35.0
(45, 89, 69), 28.0
(58, 97, 1), 28.0
(62, 88, 17), 24.0
(4, 49, 52), 24.0
(13, 99, 56), 36.0
(7, 74, 49), 28.0
(63, 5, 21), 30.0
(82, 52, 90), 30.0
(36, 61, 54), 34.0
(31, 47, 8), 26.0
(13, 46, 66), 26.0
(37, 17, 24), 34.0
(25, 10, 68), 30.0
(54, 68, 35), 28.0
(61, 87, 11), 28.0
(3, 83, 60), 36.0
(42, 25, 18), 36.0
(80, 86, 20), 38.0
(99, 81, 47), 29.0
(8, 23, 34), 24.0
(44, 57, 55), 24.0
(1, 77, 91), 24.0
(52, 11, 33), 37.0
(47, 7, 33), 28.0
(44, 81, 22), 28.0
(28, 71, 63), 35.0
(58, 92, 67), 40.0
(10, 81, 93), 40.0
(89, 18, 31), 26.0
(93, 76, 80), 43.0
(65, 40, 96), 28.0
(43, 36, 10), 34.0
(91, 64, 54), 31.0
(23, 40, 70), 38.0
(64, 65, 66), 32.0
(46, 46, 62), None
(51, 87, 89), 26.0
(1, 64, 81), 32.0
(12, 13, 6), 24.0
(86, 37, 78), 35.0
(61, 49, 23), 28.0
(69, 80, 43), 26.0
(2, 15, 80), 37.0
(98, 54, 92), 26.0
(84, 66, 14), 32.0
(63, 10, 63), None
(60, 56, 6), 28.0
(40, 84, 9), 26.0
(34, 77, 82), 28.0
(81, 0, 53), 26.0
(69, 55, 90), 28.0
(50, 11, 95), 34.0
(36, 84, 24), 25.0
(34, 88, 12), 33.0
(7, 69, 37), 30.0
(29, 80, 20), 28.0
(5, 73, 23), 32.0
(91, 74, 13), 28.0
(4, 45, 75), 30.0
(8, 53, 42), 27.0
(78, 55, 23), 36.0
(67, 53, 41), 28.0
(84, 7, 12), 24.0
(85, 28, 91), 28.0
(23, 26, 18), 38.0
(44, 38, 26), 28.0
(76, 41, 40), 34.0
(67, 50, 94), 34.0
(89, 24, 4), 28.0
(46, 2, 58), 36.0
(42, 38, 93), 22.0
(0, 20, 37), 33.0
(57, 7, 65), 28.0
(41, 59, 35), 26.0
(50, 73, 90), 33.0
(9, 53, 49), 28.0
(23, 56, 61), 26.0
(87, 76, 67), 35.0
(18, 32, 59), 28.0
(37, 70, 67), 26.0
(67, 75, 10), 27.0
(65, 95, 65), None
(67, 56, 57), 29.0
(83, 19, 38), 28.0
(86, 22, 81), 26.0
(30, 55, 70), 24.0
(49, 97, 39), 26.0
(47, 84, 60), 28.0
(97, 19, 11), 25.0
(43, 10, 63), 30.0
(22, 49, 15), 38.0
(5, 87, 28), 34.0
(4, 48, 45), 34.0
(91, 97, 68), 41.0
(89, 78, 69), 34.0
(66, 86, 25), 24.0
(34, 43, 84), 26.0
(45, 96, 62), 24.0
(73, 77, 84), 32.0
(76, 44, 97), 42.0
(23, 41, 40), 34.0
(68, 59, 97), 34.0
(1, 76, 79), 29.0
(59, 33, 66), 27.0
(14, 66, 80), 28.0
(11, 70, 25), 36.0
(33, 81, 39), 24.0
(63, 87, 61), 26.0
(23, 73, 92), 34.0
(83, 2, 74), 32.0
(55, 47, 17), 26.0
(89, 27, 45), 28.0
(46, 53, 29), 33.0
(98, 18, 85), 33.0
(36, 8, 4), 34.0
(41, 51, 76), 39.0
(23, 92, 35), 26.0
(23, 52, 80), 32.0
(61, 86, 67), 30.0
(70, 45, 78), 24.0
(2, 5, 61), 42.0
(50, 23, 77), 24.0
(13, 13, 61), None
(60, 68, 72), 30.0
(48, 96, 8), 20.0
(65, 72, 67), 30.0
(88, 98, 85), 42.0
(62, 8, 33), 28.0
(54, 54, 97), None
(78, 88, 11), 28.0
(57, 94, 28), 34.0
(18, 64, 7), 28.0
(1, 57, 41), 20.0
(99, 24, 28), 26.0
(2, 2, 20), None
(24, 29, 5), 30.0
(72, 17, 14), 28.0
(37, 0, 73), 25.0
(31, 23, 31), None
(43, 2, 90), 20.0
(34, 45, 39), 30.0
(47, 74, 90), 36.0
(94, 39, 63), 30.0
(51, 76, 34), 28.0
(49, 78, 77), 33.0
(77, 64, 58), 30.0
(6, 75, 71), 24.0
(64, 19, 26), 30.0
(55, 65, 41), 26.0
(44, 51, 14), 32.0
(70, 18, 23), 26.0
(44, 78, 2), 40.0
(97, 60, 82), 40.0
(98, 19, 52), 24.0
(0, 71, 67), 24.0
(89, 78, 66), 36.0
(93, 52, 97), 34.0
(95, 38, 10), 24.0
(57, 83, 82), 36.0
(50, 68, 14), 26.0
(50, 27, 20), 38.0
(11, 53, 92), 18.0
(90, 17, 24), 30.0
(13, 62, 64), 27.0
(95, 42, 52), 46.0
(87, 12, 37), 24.0
(39, 27, 40), 26.0
(57, 9, 13), 36.0
(27, 77, 31), 26.0
(57, 38, 83), 35.0
(93, 12, 71), 34.0
(28, 17, 4), 46.0
(72, 50, 42), 26.0
(14, 7, 62), 28.0
(82, 94, 9), 25.0
(91, 1, 12), 30.0
(16, 85, 38), 32.0
(17, 37, 50), 24.0
(52, 84, 96), 36.0
(59, 81, 2), 24.0
(12, 83, 94), 32.0
(73, 8, 24), 26.0
(44, 66, 74), 30.0
(19, 36, 83), 28.0
(36, 22, 66), 28.0
Sampler:CmaEsSampler
(8, 44, 54), 28.0
(23, 46, 29), 33.0
(26, 43, 67), 24.0
(30, 45, 20), 30.0
(57, 34, 44), 24.0
(59, 28, 58), 34.0
(33, 58, 30), 28.0
(66, 29, 42), 30.0
(46, 41, 38), 28.0
(36, 51, 25), 28.0
(30, 47, 90), 24.0
(63, 45, 53), 28.0
(36, 23, 51), 30.0
(11, 50, 69), 26.0
(29, 55, 56), 34.0
(20, 57, 89), 28.0
(26, 55, 95), 24.0
(43, 63, 87), 24.0
(69, 54, 53), 24.0
(41, 51, 61), 30.0
(28, 59, 66), 36.0
(11, 47, 87), 24.0
(77, 71, 72), 32.0
(28, 53, 88), 30.0
(45, 44, 89), 27.0
(39, 53, 88), 28.0
(64, 73, 96), 28.0
(44, 49, 87), 26.0
(34, 62, 85), 26.0
(43, 60, 82), 28.0
(60, 56, 83), 24.0
(38, 61, 67), 24.0
(50, 67, 97), 30.0
(17, 65, 75), 22.0
(61, 53, 92), 30.0
(50, 53, 66), 38.0
(42, 36, 79), 28.0
(24, 63, 87), 28.0
(48, 75, 56), 32.0
(18, 47, 98), 20.0
(23, 47, 70), 26.0
(45, 46, 80), 28.0
(20, 54, 29), 26.0
(27, 33, 69), 28.0
(24, 35, 93), 29.0
(3, 70, 63), 24.0
(31, 52, 70), 31.0
(25, 50, 77), 26.0
(12, 57, 56), 30.0
(40, 62, 29), 26.0
(3, 72, 62), 22.0
(32, 71, 57), 24.0
(20, 48, 48), None
(7, 41, 73), 28.0
(18, 58, 84), 28.0
(8, 44, 69), 28.0
(33, 62, 67), 26.0
(26, 64, 89), 28.0
(23, 75, 77), 24.0
(14, 67, 41), 24.0
(14, 54, 18), 26.0
(5, 51, 48), 26.0
(26, 68, 48), 40.0
(3, 57, 42), 20.0
(34, 89, 44), 26.0
(47, 93, 43), 24.0
(27, 57, 66), 38.0
(21, 62, 58), 26.0
(1, 56, 67), 47.0
(9, 86, 47), 26.0
(28, 74, 80), 30.0
(6, 79, 57), 31.0
(10, 57, 73), 28.0
(25, 96, 32), 26.0
(2, 63, 57), 26.0
(57, 69, 32), 34.0
(47, 73, 2), 26.0
(31, 78, 36), 24.0
(45, 80, 50), 28.0
(2, 61, 58), 24.0
(10, 87, 33), 30.0
(21, 89, 32), 31.0
(24, 90, 47), 30.0
(25, 83, 91), 20.0
(26, 75, 21), 24.0
(34, 64, 66), 24.0
(37, 66, 36), 34.0
(20, 69, 66), 32.0
(38, 73, 71), 28.0
(5, 48, 51), 26.0
(31, 73, 67), 28.0
(7, 42, 72), 28.0
(8, 47, 68), 24.0
(32, 61, 86), 38.0
(12, 71, 70), 34.0
(23, 55, 75), 28.0
(27, 60, 39), 30.0
(21, 72, 81), 30.0
(4, 28, 78), 40.0
(32, 60, 82), 34.0
(16, 62, 85), 26.0
(29, 65, 49), 30.0
(43, 69, 91), 24.0
(17, 51, 50), 30.0
(8, 56, 61), 26.0
(9, 50, 72), 28.0
(20, 54, 48), 26.0
(35, 72, 96), 26.0
(48, 83, 73), 24.0
(30, 53, 97), 36.0
(11, 52, 71), 18.0
(39, 49, 84), 34.0
(37, 65, 85), 30.0
(18, 53, 97), 30.0
(16, 69, 77), 34.0
(29, 58, 94), 30.0
(13, 48, 82), 26.0
(30, 72, 95), 42.0
(28, 55, 47), 32.0
(22, 53, 44), 28.0
(9, 59, 85), 27.0
(9, 60, 66), 24.0
(9, 53, 82), 30.0
(18, 57, 84), 30.0
(7, 57, 92), 26.0
(21, 64, 71), 32.0
(17, 51, 80), 26.0
(32, 56, 80), 26.0
(21, 61, 80), 26.0
(15, 52, 79), 26.0
(12, 64, 63), 27.0
(1, 52, 85), 30.0
(26, 74, 67), 24.0
(14, 46, 86), 26.0
(15, 68, 65), 26.0
(24, 73, 70), 24.0
(19, 58, 76), 36.0
(34, 74, 92), 28.0
(21, 68, 53), 28.0
(23, 72, 73), 32.0
(33, 63, 63), None
(19, 55, 62), 30.0
(37, 72, 75), 28.0
(8, 60, 59), 24.0
(33, 67, 80), 26.0
(37, 76, 78), 32.0
(30, 72, 83), 46.0
(24, 65, 85), 24.0
(31, 68, 81), 22.0
(46, 86, 74), 26.0
(17, 65, 71), 28.0
(32, 66, 86), 25.0
(10, 64, 73), 26.0
(20, 56, 69), 28.0
(24, 52, 81), 36.0
(23, 70, 60), 32.0
(34, 65, 74), 28.0
(21, 50, 86), 32.0
(17, 71, 70), 32.0
(9, 58, 65), 28.0
(27, 67, 86), 32.0
(36, 72, 95), 22.0
(9, 55, 89), 29.0
(16, 64, 73), 33.0
(28, 71, 79), 24.0
(21, 65, 82), 30.0
(35, 69, 91), 28.0
(31, 67, 89), 26.0
(19, 62, 94), 26.0
(32, 68, 94), 24.0
(28, 63, 81), 38.0
(32, 75, 85), 33.0
(28, 63, 89), 26.0
(34, 72, 79), 28.0
(27, 69, 77), 40.0
(31, 69, 88), 25.0
(31, 72, 86), 38.0
(39, 74, 96), 28.0
(40, 74, 97), 34.0
(29, 62, 90), 29.0
(22, 60, 89), 28.0
(32, 69, 78), 24.0
(28, 59, 86), 37.0
(42, 73, 89), 28.0
(36, 71, 91), 24.0
(31, 76, 79), 32.0
(41, 72, 90), 34.0
(31, 71, 82), 42.0
(37, 72, 83), 26.0
(28, 66, 87), 32.0
(40, 74, 81), 33.0
(34, 72, 81), 33.0
(30, 73, 85), 46.0
(34, 75, 88), 22.0
(28, 66, 76), 26.0
(34, 75, 81), 26.0
(28, 67, 86), 34.0
(36, 75, 82), 28.0
(33, 74, 79), 20.0
(33, 78, 86), 24.0
(35, 74, 78), 26.0
(34, 75, 80), 26.0
(38, 80, 87), 28.0
(31, 74, 80), 35.0
(33, 71, 85), 24.0
(31, 72, 78), 26.0
(35, 75, 87), 26.0
(20, 68, 81), 26.0
(37, 77, 88), 34.0
(36, 78, 83), 26.0
(34, 74, 89), 24.0
(31, 74, 87), 30.0
(35, 79, 85), 24.0
(33, 72, 94), 32.0
(34, 73, 92), 34.0
(39, 79, 96), 44.0
(38, 76, 80), 28.0
(28, 74, 79), 31.0
(46, 88, 79), 34.0
(42, 80, 91), 38.0
(35, 75, 81), 24.0
(35, 71, 78), 30.0
(31, 76, 83), 36.0
(29, 73, 80), 28.0
(37, 75, 90), 28.0
(26, 72, 79), 24.0
(37, 77, 86), 44.0
(37, 77, 83), 34.0
(31, 75, 85), 35.0
(31, 69, 77), 25.0
(30, 71, 86), 38.0
(37, 77, 80), 28.0
(32, 75, 83), 28.0
(31, 70, 82), 36.0
(29, 74, 71), 28.0
(37, 74, 83), 40.0
(33, 72, 84), 36.0
(29, 74, 80), 28.0
(27, 70, 79), 24.0
(33, 70, 77), 24.0
(37, 75, 76), 31.0
(30, 68, 80), 26.0
(30, 71, 79), 24.0
(27, 71, 77), 24.0
(31, 68, 79), 29.0
(30, 65, 79), 26.0
(25, 71, 76), 24.0
(30, 71, 77), 32.0
(29, 72, 77), 30.0
(24, 69, 78), 35.0
(33, 72, 78), 24.0
(31, 72, 77), 30.0
(26, 69, 75), 26.0
(27, 73, 74), 30.0
(28, 74, 75), 34.0
(27, 74, 77), 26.0
(27, 72, 74), 28.0
(26, 68, 75), 28.0
(27, 70, 76), 26.0
(25, 70, 71), 24.0
(27, 69, 71), 27.0
(33, 74, 80), 28.0
(25, 68, 74), 24.0
(21, 67, 66), 26.0
(27, 68, 72), 26.0
(20, 66, 70), 26.0
(26, 74, 70), 26.0
(23, 66, 73), 26.0
(21, 65, 72), 29.0
(25, 67, 75), 25.0
(29, 70, 72), 26.0
(26, 67, 75), 32.0
(23, 71, 68), 24.0
(19, 63, 70), 31.0
(31, 73, 72), 34.0
(30, 72, 71), 36.0
(24, 69, 65), 24.0
(25, 69, 69), None
(24, 69, 64), 26.0
(21, 66, 71), 26.0
(28, 70, 69), 24.0
(25, 69, 70), 28.0
(25, 69, 65), 28.0
(22, 67, 63), 24.0
(28, 69, 67), 31.0
(34, 74, 74), None
(25, 69, 75), 24.0
(22, 66, 52), 26.0
(23, 68, 71), 24.0
(28, 72, 64), 33.0
(21, 66, 70), 24.0
(21, 62, 63), 33.0
(24, 66, 70), 28.0
(28, 75, 66), 40.0
(27, 67, 73), 26.0
(26, 70, 70), None
(24, 72, 69), 24.0
(23, 65, 73), 29.0
(21, 67, 70), 28.0
(24, 64, 69), 28.0
(22, 69, 71), 24.0
(21, 67, 65), 28.0
(25, 71, 74), 22.0
(26, 68, 74), 24.0
(23, 68, 73), 24.0
(21, 67, 72), 26.0
(29, 71, 76), 26.0
(25, 71, 75), 24.0
(21, 69, 74), 26.0
(24, 72, 74), 25.0
(24, 74, 73), 26.0
(25, 70, 70), None
(26, 72, 74), 26.0
(24, 67, 74), 24.0
(26, 71, 79), 25.0
(28, 71, 82), 24.0
(25, 69, 72), 24.0
(22, 68, 74), 26.0
(27, 71, 76), 26.0
(24, 64, 76), 26.0
(25, 70, 73), 28.0
(29, 70, 82), 27.0
(28, 71, 80), 28.0
(28, 67, 81), 28.0
(24, 67, 78), 37.0
(27, 68, 78), 24.0
(24, 65, 75), 24.0
(28, 68, 83), 30.0
(32, 72, 88), 26.0
(29, 67, 85), 38.0
(32, 68, 86), 24.0
(24, 68, 77), 26.0
(29, 67, 79), 34.0
(28, 66, 79), 28.0
(27, 69, 73), 22.0
(28, 71, 83), 27.0
(28, 68, 73), 26.0
(26, 68, 77), 38.0
(28, 67, 79), 30.0
(28, 70, 78), 24.0
(26, 71, 70), 26.0
(30, 69, 78), 26.0
(26, 73, 69), 26.0
(29, 71, 82), 28.0
(26, 64, 64), None
(26, 68, 76), 32.0
(24, 71, 66), 26.0
(25, 65, 71), 24.0
(27, 65, 65), None
(28, 61, 76), 26.0
(26, 71, 67), 26.0
(28, 72, 78), 24.0
(29, 69, 77), 34.0
(25, 68, 69), 38.0
(24, 63, 70), 28.0
(24, 67, 75), 22.0
(25, 66, 76), 24.0
(23, 69, 70), 24.0
(28, 67, 82), 32.0
(25, 69, 74), 24.0
(25, 69, 81), 24.0
(28, 69, 81), 23.0
(29, 68, 82), 30.0
(27, 73, 77), 24.0
(28, 68, 81), 24.0
(27, 66, 86), 26.0
(28, 70, 82), 25.0
(29, 70, 87), 26.0
(28, 67, 77), 24.0
(24, 68, 74), 24.0
(27, 73, 72), 26.0
(30, 67, 77), 28.0
(26, 68, 80), 26.0
(30, 71, 84), 44.0
(25, 70, 78), 26.0
(25, 67, 81), 28.0
(27, 70, 80), 24.0
(26, 70, 71), 26.0
(25, 67, 71), 26.0
(25, 72, 79), 24.0
(28, 71, 72), 30.0
(26, 72, 77), 26.0
(23, 65, 74), 30.0
(25, 71, 82), 26.0
(22, 67, 79), 35.0
(24, 69, 77), 26.0
(24, 71, 72), 24.0
(27, 71, 75), 28.0
(26, 69, 74), 26.0
(24, 68, 70), 26.0
(24, 69, 74), 22.0
(26, 72, 76), 24.0
(24, 68, 76), 24.0
(24, 68, 72), 24.0
(23, 67, 71), 26.0
(26, 70, 78), 24.0
(24, 70, 73), 24.0
(25, 68, 76), 24.0
(25, 69, 78), 33.0
(24, 71, 75), 26.0
(24, 70, 74), 26.0
(25, 69, 73), 24.0
(25, 70, 74), 20.0
(24, 69, 73), 24.0
(25, 70, 75), 24.0
(24, 70, 72), 22.0
(26, 70, 73), 26.0
(25, 72, 76), 26.0
(25, 71, 73), 22.0
(24, 72, 70), 24.0
(24, 71, 76), 26.0
(24, 71, 73), 24.0
(24, 69, 72), 24.0
(24, 71, 71), None
(24, 70, 76), 26.0
(23, 70, 71), 30.0
(25, 72, 75), 24.0
(24, 71, 74), 24.0
(26, 70, 77), 24.0
(23, 69, 72), 24.0
(25, 71, 72), 25.0
(24, 68, 73), 24.0
Sampler:TPESampler
(60, 15, 33), 46.0
(14, 63, 53), 26.0
(36, 12, 1), 27.0
(16, 15, 65), 26.0
(62, 42, 59), 20.0
(85, 33, 98), 28.0
(89, 74, 47), 30.0
(98, 62, 82), 36.0
(25, 91, 29), 26.0
(80, 35, 1), 32.0
(58, 40, 74), 32.0
(5, 63, 55), 26.0
(49, 53, 39), 24.0
(43, 48, 33), 27.0
(66, 85, 21), 29.0
(68, 26, 47), 29.0
(46, 51, 67), 28.0
(33, 51, 16), 44.0
(56, 0, 87), 30.0
(75, 74, 42), 38.0
(49, 45, 60), 22.0
(51, 43, 62), 32.0
(40, 26, 57), 24.0
(36, 25, 58), 53.0
(71, 27, 73), 26.0
(50, 57, 41), 28.0
(28, 77, 40), 22.0
(23, 74, 76), 24.0
(27, 82, 20), 24.0
(62, 98, 28), 22.0
(62, 95, 28), 24.0
(60, 98, 13), 26.0
(54, 84, 49), 32.0
(75, 68, 36), 26.0
(63, 43, 28), 24.0
(10, 89, 52), 28.0
(32, 78, 67), 29.0
(0, 59, 60), 24.0
(16, 69, 44), 25.0
(82, 38, 6), 26.0
(21, 20, 87), 28.0
(23, 92, 73), 34.0
(62, 97, 24), 26.0
(72, 99, 32), 28.0
(0, 58, 63), 26.0
(18, 46, 91), 34.0
(38, 33, 56), 29.0
(11, 68, 99), 28.0
(28, 82, 19), 31.0
(91, 94, 36), 26.0
(42, 64, 75), 51.0
(29, 7, 52), 22.0
(46, 8, 52), 26.0
(5, 56, 60), 28.0
(30, 88, 12), 26.0
(26, 79, 45), 28.0
(35, 10, 78), 32.0
(56, 4, 67), 34.0
(67, 16, 39), 32.0
(47, 34, 48), 34.0
(22, 73, 54), 24.0
(64, 94, 26), 34.0
(53, 43, 30), 28.0
(43, 53, 37), 24.0
(41, 54, 39), 24.0
(39, 30, 43), 30.0
(70, 48, 33), 26.0
(32, 38, 51), 28.0
(59, 44, 24), 26.0
(28, 23, 64), 24.0
(63, 39, 59), 24.0
(13, 17, 60), 28.0
(51, 62, 54), 33.0
(24, 21, 71), 40.0
(48, 54, 47), 31.0
(20, 59, 54), 26.0
(35, 80, 20), 28.0
(26, 75, 56), 34.0
(53, 29, 34), 28.0
(30, 49, 70), 22.0
(74, 49, 70), 24.0
(77, 49, 71), 28.0
(29, 45, 64), 34.0
(65, 41, 59), 26.0
(56, 87, 57), 28.0
(32, 37, 62), 24.0
(38, 0, 50), 29.0
(18, 13, 79), 32.0
(81, 47, 69), 30.0
(85, 62, 67), 32.0
(69, 50, 65), 18.0
(61, 91, 17), 26.0
(67, 51, 40), 29.0
(25, 84, 76), 27.0
(27, 71, 66), 24.0
(45, 41, 30), 28.0
(75, 81, 83), 34.0
(30, 76, 62), 32.0
(7, 99, 7), None
(70, 65, 24), 28.0
(23, 21, 65), 25.0
(28, 73, 65), 35.0
(57, 51, 60), 26.0
(34, 95, 14), 20.0
(60, 95, 28), 24.0
(60, 96, 28), 24.0
(44, 24, 58), 25.0
(34, 37, 46), 28.0
(36, 5, 3), 32.0
(20, 70, 11), 38.0
(62, 91, 52), 38.0
(64, 43, 22), 43.0
(41, 46, 49), 30.0
(49, 59, 37), 33.0
(15, 96, 14), 25.0
(32, 89, 18), 26.0
(55, 35, 22), 26.0
(59, 93, 28), 31.0
(40, 87, 14), 26.0
(52, 77, 31), 28.0
(22, 72, 68), 26.0
(75, 32, 69), 26.0
(31, 73, 73), None
(68, 66, 10), 28.0
(34, 41, 62), 26.0
(37, 56, 62), 32.0
(39, 24, 55), 26.0
(73, 49, 77), 36.0
(66, 54, 42), 43.0
(0, 97, 34), 30.0
(70, 82, 25), 20.0
(69, 97, 25), 32.0
(25, 83, 21), 26.0
(79, 86, 71), 26.0
(63, 39, 16), 24.0
(71, 79, 27), 24.0
(28, 89, 20), 24.0
(58, 95, 26), 36.0
(65, 92, 32), 26.0
(30, 45, 63), 26.0
(43, 52, 35), 46.0
(71, 89, 27), 24.0
(27, 84, 24), 24.0
(46, 56, 38), 32.0
(33, 37, 18), 32.0
(77, 80, 16), 24.0
(67, 18, 61), 24.0
(68, 7, 57), 28.0
(18, 71, 81), 28.0
(73, 50, 65), 30.0
(29, 84, 23), 24.0
(62, 43, 44), 25.0
(60, 99, 28), 21.0
(32, 48, 70), 26.0
(63, 99, 16), 30.0
(99, 93, 30), 27.0
(90, 91, 20), 32.0
(59, 40, 9), 24.0
(24, 80, 26), 24.0
(7, 75, 73), 26.0
(60, 95, 60), None
(56, 99, 64), 34.0
(50, 53, 53), None
(72, 43, 27), 32.0
(65, 96, 21), 36.0
(29, 78, 22), 23.0
(26, 77, 9), 36.0
(58, 47, 30), 30.0
(70, 85, 23), 28.0
(66, 90, 28), 30.0
(41, 60, 40), 26.0
(27, 81, 26), 26.0
(31, 97, 33), 26.0
(34, 94, 29), 26.0
(74, 82, 50), 32.0
(61, 78, 58), 30.0
(48, 78, 32), 26.0
(85, 17, 24), 28.0
(24, 45, 56), 35.0
(77, 54, 37), 26.0
(22, 40, 3), 47.0
(54, 52, 54), None
(37, 48, 35), 38.0
(64, 85, 25), 28.0
(28, 88, 23), 26.0
(29, 30, 19), 36.0
(29, 84, 67), 36.0
(31, 83, 61), 46.0
(68, 93, 28), 28.0
(77, 88, 16), 26.0
(35, 98, 67), 34.0
(61, 14, 74), 20.0
(58, 11, 64), 26.0
(63, 4, 8), 22.0
(43, 3, 75), 26.0
(62, 8, 0), 27.0
(45, 6, 73), 30.0
(2, 72, 26), 28.0
(61, 13, 8), 28.0
(13, 1, 14), 36.0
(65, 49, 13), 26.0
(66, 19, 59), 39.0
(27, 76, 52), 26.0
(60, 3, 29), 28.0
(58, 37, 4), 46.0
(64, 42, 18), 29.0
(63, 9, 31), 26.0
(67, 15, 23), 24.0
(39, 51, 40), 24.0
(33, 22, 42), 35.0
(71, 81, 21), 32.0
(29, 45, 69), 30.0
(56, 55, 36), 28.0
(20, 74, 5), 26.0
(69, 99, 11), 28.0
(36, 58, 96), 32.0
(50, 80, 16), 28.0
(61, 67, 58), 30.0
(71, 47, 19), 28.0
(60, 69, 6), 22.0
(72, 40, 6), 30.0
(63, 75, 55), 26.0
(31, 63, 63), None
(60, 50, 46), 24.0
(42, 52, 39), 26.0
(25, 54, 71), 28.0
(40, 70, 44), 32.0
(69, 86, 61), 32.0
(64, 80, 25), 26.0
(57, 95, 30), 26.0
(67, 78, 26), 28.0
(26, 69, 77), 32.0
(93, 83, 61), 27.0
(75, 46, 59), 28.0
(77, 42, 9), 24.0
(23, 78, 2), 36.0
(69, 39, 8), 36.0
(73, 44, 66), 26.0
(25, 73, 27), 26.0
(79, 17, 23), 32.0
(32, 38, 62), 24.0
(29, 19, 65), 34.0
(62, 12, 6), 30.0
(60, 50, 45), 28.0
(59, 96, 28), 33.0
(52, 61, 10), 28.0
(71, 91, 13), 26.0
(30, 80, 24), 38.0
(82, 83, 21), 42.0
(66, 41, 8), 28.0
(46, 6, 22), 28.0
(39, 89, 48), 29.0
(28, 35, 11), 24.0
(27, 35, 14), 28.0
(59, 15, 38), 44.0
(63, 1, 23), 28.0
(33, 50, 56), 28.0
(31, 38, 68), 26.0
(26, 79, 12), 32.0
(61, 48, 75), 30.0
(65, 86, 16), 30.0
(48, 56, 17), 28.0
(35, 26, 41), 26.0
(68, 76, 20), 29.0
(75, 82, 12), 27.0
(24, 4, 60), 32.0
(54, 51, 47), 24.0
(29, 84, 25), 24.0
(30, 77, 20), 24.0
(27, 81, 50), 24.0
(32, 97, 64), 40.0
(21, 9, 51), 30.0
(38, 53, 33), 22.0
(43, 53, 35), 30.0
(60, 46, 33), 32.0
(58, 93, 29), 30.0
(23, 76, 19), 24.0
(36, 53, 37), 28.0
(41, 50, 33), 52.0
(54, 85, 25), 26.0
(28, 73, 71), 28.0
(32, 57, 62), 24.0
(55, 99, 69), 30.0
(30, 78, 27), 26.0
(63, 44, 57), 28.0
(62, 95, 31), 36.0
(44, 14, 40), 34.0
(38, 51, 42), 26.0
(29, 82, 49), 26.0
(7, 42, 6), 36.0
(42, 55, 38), 30.0
(35, 65, 59), 20.0
(34, 69, 63), 24.0
(64, 68, 35), 26.0
(37, 70, 59), 25.0
(70, 63, 28), 33.0
(23, 65, 25), 24.0
(34, 32, 11), 28.0
(57, 97, 29), 24.0
(37, 38, 59), 34.0
(68, 11, 62), 24.0
(32, 58, 8), 26.0
(40, 54, 40), None
(38, 67, 79), 30.0
(27, 66, 65), 30.0
(30, 99, 66), 33.0
(34, 47, 62), 30.0
(66, 23, 18), 24.0
(76, 15, 73), 22.0
(72, 49, 71), 26.0
(61, 18, 72), 26.0
(32, 28, 75), 26.0
(55, 40, 8), 28.0
(20, 74, 53), 34.0
(24, 66, 26), 26.0
(35, 5, 56), 36.0
(74, 10, 68), 26.0
(78, 43, 9), 26.0
(67, 15, 22), 26.0
(32, 35, 11), 30.0
(47, 97, 55), 28.0
(74, 2, 74), None
(26, 74, 5), 29.0
(18, 76, 54), 26.0
(80, 52, 61), 36.0
(83, 71, 31), 40.0
(51, 52, 48), 30.0
(41, 69, 37), 26.0
(58, 82, 24), 24.0
(36, 7, 66), 40.0
(65, 65, 31), None
(60, 95, 64), 35.0
(62, 93, 73), 29.0
(57, 98, 29), 20.0
(56, 99, 19), 31.0
(53, 73, 34), 38.0
(75, 21, 69), 28.0
(59, 61, 59), None
(28, 77, 50), 20.0
(33, 55, 20), 29.0
(38, 68, 58), 24.0
(31, 77, 53), 36.0
(28, 85, 27), 32.0
(57, 56, 29), 32.0
(57, 0, 30), 22.0
(39, 4, 51), 26.0
(63, 0, 57), 28.0
(65, 0, 45), 21.0
(64, 0, 45), 30.0
(59, 3, 48), 39.0
(27, 1, 51), 32.0
(62, 0, 32), 30.0
(61, 6, 50), 42.0
(30, 3, 2), None
(70, 79, 27), 24.0
(34, 48, 44), 24.0
(30, 2, 50), 39.0
(67, 12, 41), 22.0
(65, 9, 45), 32.0
(67, 5, 43), 28.0
(66, 12, 78), 36.0
(57, 63, 30), 30.0
(60, 7, 4), 30.0
(64, 3, 40), 28.0
(52, 14, 47), 24.0
(29, 10, 22), 32.0
(61, 46, 43), 34.0
(73, 13, 73), None
(27, 76, 71), 26.0
(26, 59, 52), 24.0
(59, 46, 46), None
(68, 16, 34), 30.0
(69, 98, 27), 37.0
(64, 0, 15), 24.0
(67, 12, 24), 31.0
(56, 50, 41), 30.0
(54, 98, 33), 33.0
(34, 44, 43), 25.0
(63, 96, 37), 26.0
(49, 8, 0), 36.0
(31, 64, 24), 22.0
(33, 64, 24), 26.0
(60, 4, 47), 26.0
(65, 75, 36), 30.0
(30, 2, 29), 36.0
(62, 62, 57), None
(58, 80, 7), 26.0
(78, 65, 77), 37.0
(28, 2, 83), 24.0
(31, 71, 53), 28.0
(35, 68, 75), 22.0
(35, 67, 74), 24.0
(35, 64, 75), 27.0
(26, 71, 81), 26.0
(69, 9, 70), 23.0
(69, 9, 69), None
(70, 6, 76), 24.0
(66, 5, 72), 26.0
(65, 10, 71), 28.0
(87, 8, 73), 26.0
(63, 11, 79), 24.0
(68, 7, 76), 30.0
(71, 68, 70), 22.0
(71, 67, 70), 30.0
(31, 67, 67), None
(70, 70, 69), None
(72, 99, 30), 30.0
(67, 61, 71), 34.0
(33, 69, 27), 28.0
(69, 66, 74), 40.0
(72, 13, 87), 26.0
(60, 68, 26), 24.0
(36, 72, 73), 24.0
(64, 1, 32), 34.0
(62, 92, 29), 28.0
(58, 72, 77), 40.0
(37, 94, 68), 42.0
(31, 0, 26), 35.0
(33, 64, 4), 34.0
(55, 99, 32), 34.0
(67, 5, 70), 24.0
(76, 16, 75), 29.0
(61, 69, 28), 24.0
(29, 97, 42), 25.0
(64, 74, 65), 26.0
(66, 12, 72), 24.0
(73, 9, 68), 28.0
(29, 65, 55), 26.0
(68, 59, 67), 32.0
(66, 7, 72), 26.0
(69, 3, 73), 24.0
(59, 11, 70), 24.0
(32, 95, 46), 24.0
(25, 63, 49), 24.0
(35, 70, 30), 28.0
(62, 99, 26), 25.0
(70, 48, 79), 29.0
(61, 78, 39), 26.0
(65, 4, 74), 29.0
(71, 0, 2), 39.0
(56, 97, 34), 30.0
(33, 61, 28), 30.0
(58, 90, 92), 28.0
(63, 15, 63), None
(28, 19, 22), 33.0
(73, 67, 66), 28.0
(36, 72, 24), 25.0
(60, 94, 60), None
(31, 76, 5), 24.0
(96, 48, 32), 20.0
(96, 46, 32), 28.0
(98, 47, 32), 22.0
(96, 45, 33), 29.0
(95, 47, 34), 24.0
(95, 50, 36), 24.0
(98, 42, 31), 37.0
(91, 48, 35), 26.0
(97, 49, 34), 26.0
(96, 44, 31), 34.0
(90, 68, 38), 28.0
(92, 48, 30), 26.0
(97, 51, 45), 26.0
(55, 47, 29), 36.0
(99, 45, 31), 28.0
(63, 52, 53), 25.0
(57, 65, 56), 29.0
(84, 2, 77), 26.0
(99, 47, 41), 26.0
(65, 70, 58), 22.0
(61, 71, 33), 32.0
(58, 49, 36), 28.0
(63, 53, 48), 26.0
(86, 69, 50), 30.0
(53, 97, 32), 35.0
(65, 73, 55), 26.0
(65, 68, 61), 22.0
(68, 57, 61), 32.0
(60, 66, 28), 28.0
(62, 63, 29), 24.0
(87, 0, 57), 26.0
(38, 69, 60), 23.0
(65, 87, 57), 32.0
(50, 31, 7), 36.0
(93, 17, 60), 24.0
(66, 67, 58), 34.0
(67, 71, 44), 26.0
(36, 44, 39), 36.0
(64, 4, 63), 26.0
(34, 50, 52), 31.0
(66, 69, 58), 31.0
(61, 66, 30), 28.0
(93, 26, 42), 24.0
(67, 99, 62), 30.0
(59, 93, 59), None
(64, 70, 64), None
(62, 68, 26), 26.0
(64, 74, 81), 32.0
Sampler:BoTorchSampler
(28, 41, 43), 22.0
(41, 96, 70), 46.0
(32, 87, 15), 26.0
(87, 60, 65), 28.0
(0, 67, 69), 26.0
(12, 19, 27), 28.0
(85, 82, 3), 28.0
(76, 33, 12), 37.0
(0, 84, 74), 28.0
(86, 61, 0), 28.0
(17, 57, 36), 38.0
(31, 21, 58), 26.0
(7, 28, 74), 27.0
(39, 23, 39), None
(39, 22, 39), None
(15, 0, 56), 24.0
(32, 0, 41), 35.0
(0, 0, 73), None
(0, 0, 72), None
Sampler:CmaEsSampler
(74, 22, 85), 34.0
(42, 35, 38), 22.0
(31, 44, 71), 30.0
(54, 54, 44), None
(65, 56, 29), 40.0
(37, 43, 48), 30.0
(65, 43, 67), 28.0
(59, 31, 42), 22.0
(30, 79, 42), 30.0
(47, 39, 51), 27.0
(54, 38, 42), 30.0
(46, 50, 72), 28.0
(73, 31, 59), 24.0
(48, 21, 36), 28.0
(87, 24, 14), 32.0
(49, 36, 70), 26.0
(52, 42, 57), 22.0
(20, 33, 64), 26.0
(50, 34, 78), 28.0
(77, 38, 72), 30.0
(62, 53, 58), 26.0
(78, 50, 62), 26.0
(81, 14, 60), 38.0
(36, 27, 78), 30.0
(35, 37, 41), 24.0
(83, 9, 68), 28.0
(70, 23, 63), 28.0
(48, 47, 67), 33.0
(58, 27, 84), 34.0
(29, 39, 48), 32.0
(19, 49, 59), 24.0
(64, 31, 51), 34.0
(56, 8, 23), 30.0
(40, 47, 39), 30.0
(24, 38, 54), 28.0
(67, 15, 68), 30.0
(32, 35, 43), 28.0
(13, 32, 47), 24.0
(52, 18, 57), 24.0
(42, 47, 48), 30.0
(39, 23, 70), 26.0
(38, 43, 52), 30.0
(10, 60, 42), 32.0
(30, 43, 86), 32.0
(35, 42, 79), 28.0
(45, 12, 49), 26.0
(31, 31, 63), None
(10, 27, 39), 26.0
(28, 7, 41), 34.0
(16, 24, 48), 30.0
(37, 4, 46), 31.0
(45, 30, 44), 36.0
(30, 17, 46), 28.0
(20, 11, 31), None
(30, 39, 56), 24.0
(42, 22, 69), 24.0
(46, 27, 75), 29.0
(27, 11, 52), 27.0
(11, 30, 48), 30.0
(24, 63, 77), 26.0
(55, 15, 56), 24.0
(32, 25, 58), 30.0
(30, 55, 84), 29.0
(39, 36, 49), 32.0
(1, 56, 62), 24.0
(21, 12, 57), 26.0
(11, 51, 53), 28.0
(8, 54, 52), 26.0
(35, 41, 57), 30.0
(32, 29, 49), 33.0
(19, 39, 68), 30.0
(25, 32, 63), 30.0
(37, 18, 62), 27.0
(33, 12, 49), 32.0
(37, 21, 54), 26.0
(20, 48, 63), 28.0
(18, 36, 70), 38.0
(13, 61, 46), 26.0
(12, 57, 56), 30.0
(19, 55, 57), 25.0
(20, 57, 61), 26.0
(26, 53, 51), 30.0
(21, 50, 64), 30.0
(24, 62, 60), 28.0
(57, 13, 58), 35.0
(7, 84, 51), 26.0
(0, 47, 53), 28.0
(7, 65, 55), 28.0
(18, 57, 63), 26.0
(28, 29, 56), 32.0
(20, 54, 55), 30.0
(13, 96, 59), 26.0
(24, 92, 82), 26.0
(40, 45, 50), 30.0
(26, 83, 62), 26.0
(7, 64, 72), 33.0
(23, 56, 75), 29.0
(25, 82, 54), 24.0
(63, 59, 94), 30.0
(7, 79, 65), 30.0
(34, 43, 63), 34.0
(50, 47, 51), 38.0
(3, 80, 66), 28.0
(40, 75, 71), 46.0
(8, 64, 56), 29.0
(9, 66, 55), 30.0
(18, 70, 79), 23.0
(64, 53, 77), 40.0
(61, 69, 82), 32.0
(25, 70, 88), 24.0
(18, 55, 74), 32.0
(23, 71, 58), 24.0
(29, 46, 58), 28.0
(11, 54, 75), 32.0
(29, 61, 69), 29.0
(1, 63, 70), 30.0
(26, 54, 77), 28.0
(42, 63, 89), 28.0
(17, 57, 84), 32.0
(2, 58, 57), 35.0
(56, 48, 72), 38.0
(26, 64, 82), 30.0
(32, 79, 73), 24.0
(13, 96, 70), 30.0
(43, 68, 74), 26.0
(35, 81, 70), 30.0
(12, 85, 79), 24.0
(29, 69, 80), 23.0
(21, 60, 80), 23.0
(25, 79, 78), 30.0
(30, 42, 68), 29.0
(17, 65, 79), 28.0
(46, 58, 89), 30.0
(41, 54, 61), 26.0
(15, 75, 65), 26.0
(40, 59, 87), 28.0
(31, 47, 83), 26.0
(18, 68, 52), 24.0
(31, 64, 70), 28.0
(31, 45, 53), 29.0
(30, 68, 69), 33.0
(27, 53, 62), 47.0
(12, 59, 82), 20.0
(33, 56, 51), 28.0
(20, 61, 68), 24.0
(26, 55, 77), 24.0
(15, 68, 68), None
(10, 52, 73), 24.0
(36, 48, 69), 36.0
(20, 66, 78), 34.0
(36, 60, 58), 28.0
(10, 76, 64), 36.0
(13, 60, 81), 28.0
(26, 52, 75), 26.0
(23, 49, 74), 24.0
(19, 56, 77), 25.0
(14, 57, 64), 24.0
(24, 55, 72), 28.0
(21, 49, 55), 24.0
(37, 54, 52), 26.0
(22, 37, 66), 26.0
(14, 53, 64), 26.0
(6, 54, 69), 26.0
(18, 49, 69), 28.0
(33, 52, 63), 23.0
(33, 45, 62), 30.0
(43, 60, 41), 28.0
(43, 54, 62), 29.0
(6, 61, 64), 28.0
(36, 54, 57), 30.0
(26, 62, 66), 24.0
(36, 53, 58), 28.0
(33, 49, 48), 36.0
(41, 54, 53), 35.0
(43, 64, 40), 26.0
(27, 46, 51), 24.0
(16, 62, 47), 24.0
(7, 84, 81), 26.0
(23, 66, 53), 24.0
(36, 78, 48), 42.0
(24, 56, 63), 24.0
(4, 57, 69), 28.0
(37, 58, 44), 28.0
(21, 53, 53), None
(27, 64, 65), 27.0
(29, 51, 46), 35.0
(37, 57, 42), 20.0
(28, 45, 35), 28.0
(36, 56, 53), 24.0
(18, 56, 64), 31.0
(40, 56, 51), 25.0
(41, 63, 34), 24.0
(35, 59, 44), 28.0
(32, 62, 66), 30.0
(41, 54, 36), 28.0
(41, 59, 65), 26.0
(25, 62, 35), 30.0
(42, 64, 51), 32.0
(40, 68, 39), 21.0
(39, 52, 35), 26.0
(39, 60, 45), 24.0
(27, 57, 54), 28.0
(5, 74, 18), 26.0
(52, 80, 43), 44.0
(43, 62, 51), 32.0
(45, 72, 31), 28.0
(50, 78, 30), 26.0
(12, 73, 47), 26.0
(26, 80, 49), 28.0
(35, 96, 49), 30.0
(28, 85, 30), 24.0
(28, 65, 14), 24.0
(74, 76, 29), 32.0
(3, 66, 38), 26.0
(14, 55, 49), 28.0
(34, 82, 27), 32.0
(26, 70, 19), 28.0
(19, 87, 31), 23.0
(1, 64, 16), 24.0
(40, 79, 3), 26.0
(45, 68, 14), 34.0
(44, 81, 12), 26.0
(32, 83, 22), 24.0
(39, 81, 23), 26.0
(47, 93, 2), 30.0
(54, 60, 5), 34.0
(41, 76, 25), 24.0
(18, 98, 9), 28.0
(15, 64, 36), 29.0
(8, 74, 14), 24.0
(52, 52, 34), None
(12, 74, 37), 26.0
(54, 77, 2), 32.0
(29, 72, 28), 26.0
(22, 81, 23), 32.0
(54, 73, 49), 32.0
(32, 66, 21), 35.0
(24, 65, 16), 28.0
(16, 70, 21), 34.0
(20, 55, 29), 26.0
(25, 86, 29), 28.0
(39, 62, 24), 24.0
(10, 84, 29), 26.0
(9, 74, 22), 26.0
(14, 84, 29), 24.0
(55, 69, 26), 28.0
(35, 73, 46), 29.0
(21, 40, 31), 26.0
(38, 64, 39), 26.0
(19, 64, 28), 30.0
(32, 52, 39), 22.0
(13, 70, 50), 22.0
(43, 48, 47), 42.0
(42, 37, 42), None
(34, 60, 49), 26.0
(0, 58, 47), 36.0
(18, 51, 53), 26.0
(23, 63, 35), 29.0
(36, 46, 30), 28.0
(10, 42, 58), 26.0
(31, 35, 59), 24.0
(13, 59, 40), 28.0
(24, 49, 52), 26.0
(29, 48, 75), 35.0
(23, 52, 47), 24.0
(17, 64, 64), None
(14, 48, 58), 37.0
(41, 44, 79), 22.0
(26, 61, 53), 39.0
(45, 42, 76), 24.0
(51, 58, 76), 32.0
(30, 74, 26), 24.0
(45, 14, 95), 22.0
(29, 49, 39), 36.0
(36, 39, 71), 34.0
(76, 50, 24), 24.0
(37, 47, 76), 32.0
(52, 23, 29), 24.0
(42, 38, 78), 26.0
(34, 51, 54), 28.0
(34, 52, 50), 31.0
(60, 16, 74), 26.0
(35, 20, 75), 26.0
(35, 34, 49), 42.0
(99, 35, 2), 34.0
(39, 28, 71), 26.0
(62, 70, 50), 34.0
(85, 34, 13), 26.0
(46, 46, 23), None
(64, 60, 44), 20.0
(51, 51, 35), None
(17, 68, 44), 28.0
(36, 64, 31), 26.0
(44, 55, 64), 24.0
(45, 69, 25), 28.0
(54, 54, 60), None
(59, 70, 26), 28.0
(42, 56, 74), 26.0
(54, 72, 57), 28.0
(57, 33, 47), 32.0
(25, 59, 83), 26.0
(25, 53, 88), 30.0
(43, 73, 22), 24.0
(53, 67, 17), 24.0
(4, 67, 40), 26.0
(46, 41, 90), 22.0
(36, 68, 55), 30.0
(48, 67, 31), 24.0
(30, 82, 18), 26.0
(34, 57, 78), 28.0
(38, 61, 31), 26.0
(41, 53, 81), 26.0
(74, 54, 49), 26.0
(50, 51, 34), 36.0
(27, 91, 19), 27.0
(65, 60, 10), 30.0
(24, 68, 85), 26.0
(43, 64, 41), 23.0
(61, 27, 97), 24.0
(39, 49, 64), 25.0
(49, 57, 40), 28.0
(58, 51, 47), 28.0
(33, 48, 59), 27.0
(52, 53, 46), 36.0
(40, 53, 62), 28.0
(49, 63, 39), 28.0
(55, 35, 88), 32.0
(37, 57, 38), 38.0
(41, 43, 60), 36.0
(35, 64, 39), 20.0
(47, 44, 56), 28.0
(56, 58, 30), 22.0
(31, 40, 66), 22.0
(34, 39, 66), 28.0
(52, 55, 39), 26.0
(47, 64, 19), 26.0
(40, 56, 47), 29.0
(40, 55, 53), 24.0
(43, 61, 28), 32.0
(55, 64, 47), 36.0
(36, 54, 50), 30.0
(36, 48, 61), 30.0
(38, 56, 50), 30.0
(42, 56, 47), 32.0
(48, 48, 61), None
(44, 68, 20), 34.0
(46, 59, 28), 30.0
(42, 48, 61), 26.0
(44, 52, 45), 36.0
(47, 36, 82), 26.0
(36, 53, 51), 30.0
(33, 32, 86), 27.0
(50, 44, 65), 26.0
(48, 35, 77), 28.0
(40, 47, 48), 30.0
(41, 54, 34), 22.0
(55, 39, 60), 26.0
(39, 53, 41), 24.0
(37, 48, 67), 31.0
(41, 50, 55), 32.0
(43, 43, 58), None
(43, 41, 71), 32.0
(44, 40, 66), 30.0
(39, 59, 28), 35.0
(47, 49, 46), 36.0
(40, 46, 51), 30.0
(40, 58, 33), 26.0
(40, 52, 35), 32.0
(45, 50, 41), 30.0
(35, 45, 63), 30.0
(40, 47, 61), 26.0
(39, 56, 37), 28.0
(40, 58, 27), 24.0
(34, 59, 24), 31.0
(35, 54, 47), 24.0
(40, 55, 41), 33.0
(46, 57, 43), 28.0
(48, 56, 34), 29.0
(37, 63, 17), 24.0
(47, 66, 18), 34.0
(36, 54, 38), 26.0
(30, 61, 36), 26.0
(44, 49, 48), 40.0
(50, 46, 53), 36.0
(36, 56, 36), None
(45, 61, 31), 26.0
(42, 68, 8), 24.0
(32, 50, 37), 32.0
(42, 48, 36), 26.0
(42, 53, 38), 29.0
(29, 66, 17), 36.0
(40, 48, 25), 30.0
(27, 66, 12), 26.0
(58, 53, 36), 28.0
(43, 62, 19), 33.0
(38, 66, 12), 24.0
(40, 59, 16), 28.0
(44, 55, 21), 38.0
(42, 59, 9), 23.0
(37, 62, 10), 22.0
(37, 61, 5), 26.0
(28, 58, 9), 39.0
(49, 51, 21), 24.0
(31, 67, 2), 24.0
(40, 58, 15), 28.0
(34, 60, 21), 32.0
(33, 44, 52), 29.0
(37, 49, 23), 36.0
(47, 65, 2), 27.0
(56, 43, 32), 33.0
(45, 55, 29), 30.0
(51, 40, 40), None
(42, 59, 6), 26.0
(39, 56, 6), 24.0
(46, 53, 5), 24.0
(37, 54, 23), 28.0
(44, 43, 18), 24.0
(35, 50, 24), 30.0
(29, 63, 8), 24.0
(47, 50, 7), 24.0
(30, 64, 13), 22.0
(33, 65, 24), 23.0
(30, 59, 27), 28.0
(36, 69, 7), 30.0
(39, 59, 33), 32.0
(30, 63, 2), 40.0
(33, 48, 54), 26.0
(21, 55, 29), 26.0
(34, 63, 24), 30.0
(45, 51, 34), 27.0
(37, 56, 41), 28.0
(29, 45, 41), 28.0
(51, 36, 75), 26.0
(26, 46, 51), 25.0
(18, 61, 24), 30.0
(38, 50, 34), 30.0
(38, 38, 90), None
(43, 37, 71), 28.0
(18, 57, 32), 27.0
(44, 42, 51), 26.0
(30, 49, 55), 26.0
(34, 46, 36), 28.0
(44, 31, 72), 30.0
(42, 54, 29), 24.0
(33, 63, 19), 30.0
(59, 53, 4), 28.0
(53, 30, 77), 32.0
(41, 48, 21), 24.0
(49, 36, 52), 28.0
(44, 32, 84), 30.0
(40, 46, 39), 34.0
(49, 36, 56), 30.0
(52, 51, 6), 35.0
(36, 56, 8), 38.0
(40, 56, 6), 26.0
(29, 65, 16), 22.0
(41, 38, 65), 30.0
(51, 45, 31), 26.0
(48, 56, 26), 23.0
(33, 57, 32), 28.0
(29, 62, 2), 28.0
(34, 47, 57), 30.0
(31, 60, 22), 39.0
(42, 52, 25), 38.0
(14, 68, 34), 32.0
(38, 50, 67), 26.0
(44, 48, 47), 46.0
(44, 54, 35), 26.0
(41, 53, 25), 28.0
(40, 50, 27), 32.0
(46, 56, 22), 28.0
(33, 59, 44), 31.0
(48, 36, 95), 32.0
(50, 24, 99), 28.0
(39, 55, 35), 20.0
(37, 36, 89), 24.0
(43, 43, 82), None
(31, 40, 79), 28.0
(44, 62, 23), 30.0
(45, 66, 41), 26.0
(38, 55, 41), 26.0
(49, 36, 49), None
(42, 47, 50), 22.0
(28, 61, 33), 30.0
(38, 55, 52), 28.0
(29, 43, 65), 28.0
(38, 42, 51), 26.0
(28, 54, 53), 30.0
(41, 58, 18), 24.0
(43, 54, 48), 30.0
(21, 46, 84), 26.0
(32, 47, 67), 24.0
(40, 43, 44), 48.0
(44, 51, 53), 30.0
(39, 49, 63), 28.0
(45, 47, 39), 38.0
(33, 45, 70), 26.0
(45, 41, 37), 30.0
(38, 51, 47), 23.0
(34, 54, 31), 22.0
