Sampler:TPESampler
(35, 244, 256), 42.0
(258, 19, 165), 46.0
(254, 26, 138), 52.0
(280, 255, 119), 46.0
(118, 256, 238), 72.0
(127, 193, 226), 54.0
(165, 136, 296), 44.0
(194, 24, 35), 60.0
(85, 114, 171), 56.0
(39, 284, 126), 48.0
(6, 208, 295), 46.0
(185, 114, 294), 54.0
(193, 157, 240), 54.0
(76, 93, 275), 58.0
(145, 188, 226), 54.0
(0, 77, 64), 69.0
(76, 155, 191), 68.0
(226, 234, 261), 66.0
(167, 140, 197), 50.0
(42, 294, 82), 44.0
(108, 71, 266), 50.0
(40, 280, 81), 51.0
(33, 227, 36), 40.0
(39, 298, 19), 50.0
(55, 222, 85), 48.0
(19, 252, 51), 50.0
(90, 170, 4), 46.0
(59, 234, 99), 66.0
(18, 271, 54), 76.0
(223, 200, 172), 64.0
(139, 131, 204), 56.0
(61, 295, 24), 48.0
(97, 178, 102), 44.0
(164, 222, 282), 86.0
(24, 256, 144), 44.0
(48, 183, 103), 78.0
(108, 242, 125), 82.0
(17, 264, 157), 46.0
(299, 220, 139), 50.0
(98, 173, 143), 58.0
(26, 7, 111), 84.0
(128, 203, 169), 48.0
(68, 256, 251), 40.0
(72, 252, 232), 58.0
(36, 272, 75), 66.0
(6, 244, 247), 66.0
(218, 213, 210), 82.0
(64, 235, 181), 48.0
(27, 111, 298), 64.0
(164, 55, 258), 44.0
(90, 268, 220), 40.0
(72, 261, 249), 38.0
(81, 259, 246), 44.0
(129, 44, 220), 58.0
(70, 47, 256), 62.0
(49, 282, 278), 46.0
(89, 270, 243), 46.0
(113, 264, 222), 42.0
(114, 282, 228), 56.0
(98, 243, 221), 51.0
(69, 231, 269), 51.0
(179, 141, 281), 58.0
(30, 259, 215), 70.0
(52, 291, 190), 52.0
(139, 273, 254), 72.0
(82, 262, 237), 50.0
(120, 249, 247), 70.0
(152, 119, 269), 52.0
(45, 298, 39), 41.0
(45, 287, 37), 40.0
(62, 288, 28), 56.0
(43, 277, 43), None
(55, 296, 10), 48.0
(12, 268, 39), 48.0
(31, 286, 60), 52.0
(79, 299, 286), 72.0
(90, 230, 49), 50.0
(44, 278, 70), 52.0
(37, 253, 10), 74.0
(104, 264, 203), 70.0
(65, 239, 234), 44.0
(77, 258, 32), 70.0
(64, 240, 238), 44.0
(55, 215, 22), 52.0
(102, 194, 265), 50.0
(84, 246, 251), 74.0
(151, 226, 89), 50.0
(170, 83, 260), 60.0
(204, 288, 226), 69.0
(11, 276, 290), 54.0
(1, 266, 273), 52.0
(91, 159, 60), 46.0
(18, 255, 109), 66.0
(26, 242, 215), 42.0
(33, 292, 156), 58.0
(48, 239, 210), 42.0
(254, 248, 211), 58.0
(46, 236, 185), 38.0
(49, 216, 186), 42.0
(25, 236, 178), 46.0
(74, 210, 183), 44.0
(49, 221, 198), 54.0
(43, 227, 193), 48.0
(56, 203, 202), 60.0
(48, 270, 215), 44.0
(35, 251, 220), 40.0
(36, 234, 188), 52.0
(21, 251, 230), 71.0
(70, 280, 221), 46.0
(58, 260, 209), 52.0
(38, 284, 242), 56.0
(30, 217, 159), 81.0
(44, 243, 215), 42.0
(16, 229, 174), 48.0
(44, 264, 222), 78.0
(47, 246, 128), 36.0
(52, 244, 129), 78.0
(23, 273, 47), 40.0
(61, 255, 38), 36.0
(65, 275, 51), 44.0
(10, 256, 44), 48.0
(26, 269, 31), 44.0
(60, 253, 12), 38.0
(58, 250, 18), 52.0
(69, 263, 35), 48.0
(75, 272, 6), 46.0
(241, 299, 18), 36.0
(254, 295, 15), 55.0
(37, 285, 27), 36.0
(34, 285, 1), 42.0
(276, 278, 27), 56.0
(40, 298, 37), 36.0
(38, 288, 40), 44.0
(61, 292, 13), 38.0
(60, 299, 12), 42.0
(62, 291, 22), 48.0
(55, 282, 27), 42.0
(242, 257, 6), 42.0
(81, 273, 18), 42.0
(40, 290, 46), 52.0
(31, 280, 36), 50.0
(67, 266, 56), 38.0
(52, 250, 55), 48.0
(67, 267, 23), 48.0
(23, 299, 33), 42.0
(40, 291, 67), 50.0
(88, 285, 59), 38.0
(200, 284, 61), 73.0
(73, 260, 0), 49.0
(64, 276, 73), 44.0
(91, 292, 54), 56.0
(85, 253, 45), 46.0
(76, 267, 14), 50.0
(58, 286, 91), 46.0
(50, 275, 39), 67.0
(32, 280, 30), 52.0
(46, 293, 55), 42.0
(53, 247, 78), 44.0
(97, 270, 23), 44.0
(35, 261, 49), 50.0
(66, 299, 35), 52.0
(70, 255, 8), 60.0
(85, 238, 42), 72.0
(294, 264, 18), 46.0
(59, 286, 29), 40.0
(42, 283, 28), 70.0
(57, 289, 35), 60.0
(79, 272, 12), 62.0
(61, 278, 146), 64.0
(48, 249, 26), 50.0
(68, 295, 253), 44.0
(20, 257, 46), 50.0
(53, 286, 38), 48.0
(28, 268, 17), 36.0
(37, 264, 19), 58.0
(30, 274, 29), 57.0
(15, 282, 13), 46.0
(73, 268, 134), 50.0
(45, 294, 165), 45.0
(7, 246, 117), 38.0
(1, 234, 110), 56.0
(24, 242, 124), 34.0
(24, 243, 118), 36.0
(4, 243, 118), 38.0
(6, 242, 116), 44.0
(7, 246, 121), 80.0
(22, 252, 125), 58.0
(10, 225, 116), 42.0
(19, 233, 103), 46.0
(13, 240, 130), 60.0
(1, 244, 97), 42.0
(28, 253, 110), 62.0
(26, 238, 139), 47.0
(40, 258, 121), 48.0
(15, 247, 131), 72.0
(31, 226, 125), 50.0
(25, 247, 149), 40.0
(37, 232, 65), 50.0
(20, 260, 118), 36.0
(21, 252, 139), 52.0
(6, 261, 115), 46.0
(15, 239, 134), 57.0
(26, 244, 105), 46.0
(50, 255, 123), 44.0
(6, 266, 98), 38.0
(1, 262, 151), 48.0
(10, 258, 120), 50.0
(235, 268, 86), 48.0
(265, 268, 99), 52.0
(19, 278, 113), 68.0
(5, 248, 149), 44.0
(33, 253, 42), 36.0
(14, 260, 23), 44.0
(26, 1, 56), 54.0
(31, 299, 107), 52.0
(36, 246, 127), 46.0
(20, 274, 49), 42.0
(42, 251, 41), 66.0
(10, 236, 7), 74.0
(33, 253, 158), 74.0
(25, 258, 116), 44.0
(60, 243, 32), 64.0
(25, 290, 20), 58.0
(55, 292, 93), 76.0
(43, 287, 42), 72.0
(17, 263, 16), 46.0
(214, 251, 60), 70.0
(34, 271, 50), 52.0
(61, 265, 248), 76.0
(47, 255, 120), 46.0
(36, 104, 33), 58.0
(190, 280, 256), 44.0
(79, 263, 11), 48.0
(67, 242, 233), 42.0
(23, 247, 142), 58.0
(72, 270, 244), 46.0
(42, 276, 262), 44.0
(121, 256, 196), 66.0
(0, 266, 238), 40.0
(1, 258, 243), 38.0
(0, 259, 239), 50.0
(4, 252, 227), 50.0
(12, 288, 37), 50.0
(55, 284, 26), 40.0
(53, 285, 43), 42.0
(9, 295, 26), 46.0
(31, 261, 250), 38.0
(32, 251, 248), 42.0
(63, 259, 256), 48.0
(48, 246, 134), 46.0
(156, 263, 126), 48.0
(179, 238, 112), 69.0
(30, 232, 20), 38.0
(29, 229, 18), 38.0
(141, 230, 17), 50.0
(29, 235, 4), 50.0
(17, 240, 165), 78.0
(37, 222, 21), 48.0
(40, 162, 15), 70.0
(28, 229, 19), 40.0
(53, 295, 27), 44.0
(39, 241, 10), 48.0
(14, 183, 0), 69.0
(66, 255, 24), 62.0
(6, 247, 117), 40.0
(25, 268, 250), 66.0
(5, 267, 12), 52.0
(9, 232, 107), 50.0
(19, 235, 118), 60.0
(32, 254, 244), 42.0
(31, 127, 262), 62.0
(21, 29, 35), 36.0
(17, 243, 29), 46.0
(21, 60, 35), 74.0
(21, 147, 54), 58.0
(14, 273, 44), 42.0
(27, 24, 70), 74.0
(100, 263, 128), 56.0
(30, 258, 77), 68.0
(1, 248, 19), 44.0
(43, 79, 98), 82.0
(1, 262, 235), 44.0
(75, 32, 7), 70.0
(13, 276, 46), 48.0
(23, 280, 36), 44.0
(10, 238, 50), 72.0
(35, 198, 61), 44.0
(59, 299, 27), 45.0
(24, 89, 111), 80.0
(66, 255, 253), 43.0
(48, 251, 123), 42.0
(6, 243, 119), 42.0
(39, 257, 275), 54.0
(17, 271, 13), 66.0
(7, 247, 104), 64.0
(30, 167, 133), 46.0
(57, 225, 32), 44.0
(91, 265, 20), 48.0
(9, 247, 114), 48.0
(28, 235, 143), 48.0
(22, 238, 173), 66.0
(45, 13, 268), 46.0
(32, 69, 19), 82.0
(36, 217, 15), 60.0
(0, 100, 239), 49.0
(68, 258, 257), 56.0
(71, 253, 7), 44.0
(81, 261, 82), 68.0
(12, 267, 24), 52.0
(38, 292, 38), None
(49, 230, 31), 48.0
(60, 290, 30), 42.0
(21, 242, 129), 64.0
(283, 247, 136), 56.0
(32, 235, 41), 40.0
(44, 299, 13), 40.0
(18, 274, 56), 70.0
(25, 250, 150), 46.0
(43, 282, 24), 48.0
(14, 262, 123), 48.0
(26, 251, 4), 47.0
(63, 210, 109), 42.0
(52, 256, 21), 42.0
(54, 285, 25), 36.0
(50, 290, 15), 50.0
(38, 283, 93), 56.0
(50, 295, 34), 54.0
(58, 241, 24), 40.0
(129, 279, 8), 54.0
(41, 292, 30), 40.0
(33, 227, 17), 40.0
(19, 270, 121), 50.0
(55, 288, 36), 72.0
(7, 259, 113), 60.0
(231, 299, 102), 56.0
(46, 243, 11), 56.0
(28, 136, 24), 64.0
(14, 253, 40), 42.0
(63, 277, 65), 48.0
(35, 267, 125), 46.0
(53, 285, 19), 52.0
(207, 234, 28), 40.0
(73, 246, 131), 72.0
(21, 189, 117), 52.0
(41, 221, 3), 56.0
(7, 261, 46), 60.0
(30, 272, 14), 50.0
(47, 254, 34), 54.0
(14, 47, 23), 56.0
(62, 238, 287), 44.0
(37, 249, 10), 44.0
(24, 294, 107), 72.0
(0, 265, 31), 49.0
(17, 280, 247), 48.0
(57, 242, 19), 72.0
(176, 258, 71), 60.0
(31, 34, 137), 70.0
(11, 288, 40), 48.0
(242, 251, 128), 50.0
(43, 271, 114), 44.0
(27, 299, 26), 56.0
(67, 229, 87), 52.0
(36, 264, 119), 49.0
(51, 152, 296), 52.0
(6, 244, 15), 48.0
(21, 284, 47), 74.0
(57, 256, 52), 76.0
(28, 237, 33), 72.0
(46, 276, 21), 50.0
(74, 248, 27), 42.0
(17, 293, 122), 40.0
(35, 260, 39), 48.0
(6, 232, 8), 42.0
(85, 269, 58), 44.0
(41, 254, 109), 54.0
(22, 243, 101), 54.0
(108, 281, 16), 54.0
(52, 263, 260), 58.0
(63, 288, 127), 62.0
(13, 117, 180), 66.0
(32, 249, 252), 46.0
(27, 276, 2), 48.0
(134, 238, 22), 46.0
(0, 258, 95), 40.0
(71, 179, 42), 50.0
(37, 295, 30), 68.0
(10, 267, 116), 46.0
(57, 251, 36), 62.0
(46, 221, 15), 50.0
(272, 243, 8), 44.0
(19, 256, 133), 80.0
(40, 227, 245), 80.0
(78, 288, 25), 40.0
(25, 272, 81), 50.0
(187, 261, 203), 80.0
(66, 282, 154), 48.0
(158, 234, 139), 76.0
(32, 125, 162), 66.0
(197, 246, 11), 44.0
(290, 252, 50), 50.0
(11, 294, 20), 40.0
(51, 238, 125), 52.0
(17, 266, 113), 78.0
(60, 257, 30), 48.0
(43, 277, 265), 42.0
(27, 299, 40), 52.0
(4, 247, 62), 84.0
(36, 68, 25), 48.0
(24, 286, 104), 36.0
(22, 286, 191), 52.0
(30, 291, 121), 44.0
(24, 281, 102), 38.0
(14, 284, 107), 48.0
(146, 279, 89), 52.0
(115, 289, 104), 40.0
(17, 294, 96), 54.0
(23, 273, 75), 40.0
(31, 279, 103), 48.0
(54, 238, 33), 64.0
(23, 282, 97), 38.0
(9, 286, 95), 44.0
(18, 291, 111), 56.0
(7, 284, 102), 50.0
(70, 262, 117), 50.0
(0, 268, 18), 45.0
(34, 230, 122), 46.0
(38, 206, 44), 48.0
(48, 107, 0), 59.0
(27, 277, 84), 56.0
(17, 299, 109), 70.0
(11, 272, 92), 50.0
(216, 292, 130), 56.0
(64, 286, 111), 44.0
(21, 263, 98), 34.0
(30, 251, 11), 58.0
(21, 278, 98), 36.0
(15, 275, 88), 48.0
(18, 268, 91), 44.0
(22, 285, 97), 40.0
(24, 273, 107), 72.0
(9, 261, 96), 48.0
(30, 145, 69), 69.0
(34, 267, 54), 55.0
(22, 279, 100), 46.0
(43, 294, 27), 46.0
(21, 289, 104), 58.0
(10, 279, 102), 50.0
(26, 283, 89), 72.0
(38, 272, 98), 52.0
(24, 280, 99), 38.0
(30, 265, 37), 42.0
(6, 255, 116), 46.0
(16, 277, 95), 58.0
(59, 282, 107), 44.0
(49, 18, 251), 40.0
(0, 261, 116), 40.0
(15, 258, 110), 74.0
(41, 214, 18), 46.0
(25, 272, 103), 52.0
(21, 289, 87), 50.0
(34, 299, 5), 46.0
(44, 245, 241), 64.0
(12, 269, 119), 50.0
(7, 283, 78), 40.0
(30, 252, 12), 72.0
(264, 276, 279), 65.0
(28, 292, 34), 46.0
(5, 0, 128), 60.0
(14, 95, 22), 68.0
(22, 264, 103), 50.0
(86, 293, 29), 48.0
(34, 228, 14), 52.0
(168, 240, 19), 54.0
(17, 256, 123), 42.0
(11, 38, 22), 38.0
(249, 263, 46), 54.0
(39, 59, 82), 62.0
(35, 32, 25), 50.0
(28, 26, 28), None
(39, 245, 39), None
(52, 248, 144), 46.0
(121, 283, 99), 44.0
(13, 28, 135), 64.0
(23, 282, 110), 58.0
(21, 290, 32), 38.0
(6, 269, 49), 42.0
(74, 296, 43), 38.0
(33, 237, 42), 46.0
(226, 265, 116), 72.0
(20, 299, 35), 38.0
(65, 259, 250), 42.0
(47, 296, 168), 46.0
(27, 272, 257), 46.0
(0, 221, 127), 75.0
(42, 233, 122), 44.0
(27, 37, 22), 38.0
(31, 242, 233), 40.0
(37, 17, 113), 74.0
(299, 37, 92), 58.0
(26, 44, 34), 63.0
Sampler:BoTorchSampler
(257, 149, 174), 64.0
(157, 210, 13), 52.0
(233, 138, 57), 72.0
(184, 168, 191), 56.0
(75, 38, 211), 70.0
(217, 275, 127), 48.0
(89, 183, 107), 75.0
(130, 127, 292), 44.0
(78, 275, 20), 40.0
(121, 33, 179), 52.0
(139, 262, 1), 38.0
(156, 255, 0), 41.0
(124, 24, 0), 85.0
(121, 276, 0), 46.0
(172, 287, 48), 46.0
(164, 191, 13), 42.0
(169, 209, 265), 58.0
(257, 280, 0), 38.0
(18, 219, 0), 50.0
(3, 200, 0), 61.0
(182, 32, 0), 63.0
(220, 264, 0), 73.0
(79, 111, 0), 52.0
(83, 175, 0), 63.0
(79, 158, 0), 75.0
(71, 147, 0), 59.0
(72, 181, 0), 65.0
(72, 20, 0), 77.0
(63, 161, 0), 65.0
(282, 297, 21), 44.0
(136, 269, 74), 60.0
(55, 226, 0), 43.0
(41, 272, 0), 43.0
(78, 255, 0), 38.0
(92, 251, 0), 36.0
(111, 243, 0), 55.0
(58, 146, 0), 67.0
(62, 155, 0), 77.0
(67, 205, 0), 67.0
(69, 239, 0), 50.0
(71, 225, 0), 53.0
(76, 294, 0), 40.0
(272, 244, 100), 74.0
(70, 275, 0), 46.0
(168, 90, 296), 49.0
(42, 64, 54), 72.0
(39, 159, 54), 79.0
(1, 49, 0), 79.0
(0, 67, 0), None
(0, 280, 0), None
(0, 219, 0), None
(0, 234, 0), None
(0, 32, 0), None
(0, 292, 0), None
(0, 297, 0), None
(0, 102, 0), None
(0, 0, 0), None
(0, 113, 0), None
(0, 263, 0), None
(0, 165, 0), None
(0, 43, 0), None
(0, 238, 0), None
(0, 225, 0), None
(0, 90, 0), None
(0, 228, 0), None
(0, 182, 0), None
(0, 181, 0), None
(0, 160, 0), None
(0, 75, 0), None
(0, 134, 0), None
(0, 136, 0), None
(0, 207, 0), None
(0, 261, 0), None
(0, 89, 0), None
(0, 21, 0), None
(0, 61, 0), None
(0, 41, 0), None
(0, 133, 0), None
(0, 76, 0), None
(0, 195, 0), None
(0, 193, 0), None
(0, 101, 0), None
(0, 198, 0), None
(0, 203, 0), None
(0, 184, 0), None
(0, 22, 0), None
(0, 114, 0), None
(0, 253, 0), None
(0, 16, 0), None
(0, 106, 0), None
(0, 166, 0), None
(0, 208, 0), None
(0, 74, 0), None
(0, 18, 0), None
(0, 243, 0), None
(0, 161, 0), None
(0, 57, 0), None
(0, 242, 0), None
(0, 1, 0), None
(0, 235, 0), None
(0, 205, 0), None
(0, 93, 0), None
(0, 162, 0), None
(0, 281, 0), None
(0, 87, 0), None
(0, 295, 0), None
(0, 217, 0), None
(0, 46, 0), None
(0, 35, 0), None
(0, 5, 0), None
(0, 211, 0), None
(0, 272, 0), None
(0, 250, 0), None
(0, 174, 0), None
(0, 268, 0), None
(0, 167, 0), None
(0, 262, 0), None
(0, 122, 0), None
(0, 266, 0), None
(0, 236, 0), None
(0, 142, 0), None
(0, 130, 0), None
(0, 27, 0), None
(0, 97, 0), None
(0, 291, 0), None
(0, 204, 0), None
(0, 273, 0), None
(0, 126, 0), None
(0, 248, 0), None
(0, 251, 0), None
(0, 62, 0), None
(0, 283, 0), None
(0, 191, 0), None
(0, 48, 0), None
(0, 55, 0), None
(0, 112, 0), None
(0, 25, 0), None
(0, 140, 0), None
(0, 118, 0), None
(0, 124, 0), None
(0, 39, 0), None
(0, 279, 0), None
(0, 223, 0), None
(0, 65, 0), None
(0, 72, 0), None
(0, 271, 0), None
(0, 194, 0), None
(0, 240, 0), None
(0, 3, 0), None
(0, 276, 0), None
(0, 246, 0), None
(0, 66, 0), None
(0, 117, 0), None
(0, 71, 0), None
(0, 109, 0), None
(0, 282, 0), None
(0, 144, 0), None
(0, 213, 0), None
(0, 255, 0), None
(0, 177, 0), None
(0, 244, 0), None
(0, 52, 0), None
(0, 58, 0), None
(0, 148, 0), None
(0, 164, 0), None
(0, 221, 0), None
(0, 92, 0), None
(0, 186, 0), None
(0, 23, 0), None
(0, 212, 0), None
(0, 154, 0), None
(0, 256, 0), None
(0, 131, 0), None
(0, 285, 0), None
(0, 143, 0), None
(0, 69, 0), None
(0, 269, 0), None
(0, 215, 0), None
(0, 14, 0), None
(0, 299, 0), None
(0, 290, 0), None
(0, 137, 0), None
(0, 197, 0), None
(0, 226, 0), None
(0, 168, 0), None
(0, 230, 0), None
(0, 179, 0), None
(0, 20, 0), None
(0, 169, 0), None
(0, 172, 0), None
(0, 201, 0), None
(0, 47, 0), None
(0, 7, 0), None
(0, 12, 0), None
(0, 153, 0), None
(0, 200, 0), None
(0, 94, 0), None
(0, 80, 0), None
(0, 60, 0), None
(0, 123, 0), None
(0, 199, 0), None
(0, 196, 0), None
(0, 19, 0), None
(0, 26, 0), None
(0, 296, 0), None
(0, 11, 0), None
(0, 56, 0), None
(0, 214, 0), None
(0, 141, 0), None
(0, 29, 0), None
(0, 176, 0), None
(0, 258, 0), None
(0, 249, 0), None
(0, 237, 0), None
(0, 36, 0), None
(0, 30, 0), None
(0, 190, 0), None
(0, 125, 0), None
(0, 95, 0), None
(0, 31, 0), None
(0, 233, 0), None
(0, 115, 0), None
(0, 188, 0), None
(0, 183, 0), None
(0, 70, 0), None
(0, 119, 0), None
(0, 145, 0), None
(0, 84, 0), None
(0, 231, 0), None
(0, 185, 0), None
(0, 51, 0), None
(0, 229, 0), None
(0, 163, 0), None
(0, 265, 0), None
(0, 155, 0), None
(0, 85, 0), None
(0, 45, 0), None
(0, 111, 0), None
(0, 146, 0), None
(0, 178, 0), None
(0, 206, 0), None
(0, 260, 0), None
(0, 68, 0), None
(0, 210, 0), None
(0, 267, 0), None
(0, 4, 0), None
(0, 232, 0), None
(0, 63, 0), None
(0, 49, 0), None
(0, 149, 0), None
(0, 275, 0), None
(0, 180, 0), None
(0, 254, 0), None
(0, 257, 0), None
(0, 156, 0), None
(0, 6, 0), None
(0, 286, 0), None
(0, 78, 0), None
(0, 220, 0), None
(0, 59, 0), None
(0, 17, 0), None
(0, 202, 0), None
(0, 278, 0), None
(0, 64, 0), None
(0, 28, 0), None
(0, 274, 0), None
(0, 38, 0), None
(0, 270, 0), None
(0, 135, 0), None
(134, 297, 0), 46.0
(0, 245, 0), None
(0, 73, 0), None
(0, 170, 0), None
(0, 152, 0), None
(0, 44, 0), None
(0, 227, 0), None
(0, 150, 0), None
(0, 259, 0), None
(0, 37, 0), None
(0, 218, 0), None
(0, 108, 0), None
(0, 54, 0), None
(0, 34, 0), None
(0, 77, 0), None
(0, 40, 0), None
(0, 99, 0), None
(0, 189, 0), None
(0, 120, 0), None
Sampler:CmaEsSampler
(207, 74, 176), 50.0
(101, 112, 140), 60.0
(194, 170, 152), 54.0
(155, 89, 184), 56.0
(208, 123, 117), 58.0
(209, 222, 149), 46.0
(212, 142, 62), 42.0
(241, 196, 200), 68.0
(298, 144, 63), 44.0
(229, 201, 42), 68.0
(134, 201, 215), 46.0
(205, 234, 201), 66.0
(234, 169, 59), 54.0
(201, 190, 121), 68.0
(197, 199, 107), 69.0
(285, 267, 109), 49.0
(239, 183, 159), 56.0
(148, 198, 108), 34.0
(210, 107, 58), 44.0
(297, 165, 121), 64.0
(216, 101, 90), 50.0
(205, 214, 132), 48.0
(124, 247, 67), 66.0
(116, 183, 136), 38.0
(123, 189, 114), 56.0
(190, 124, 57), 56.0
(189, 223, 112), 62.0
(172, 140, 109), 58.0
(108, 227, 57), 40.0
(271, 158, 139), 63.0
(127, 212, 68), 48.0
(152, 221, 102), 54.0
(85, 140, 82), 76.0
(84, 196, 74), 52.0
(18, 119, 168), 52.0
(59, 169, 166), 60.0
(58, 241, 96), 70.0
(152, 173, 35), 44.0
(81, 196, 65), 52.0
(62, 156, 162), 42.0
(78, 222, 38), 54.0
(165, 146, 101), 80.0
(195, 149, 135), 52.0
(50, 178, 146), 52.0
(81, 196, 81), None
(222, 163, 89), 62.0
(96, 157, 171), 68.0
(113, 151, 160), 56.0
(114, 155, 132), 56.0
(125, 167, 85), 72.0
(124, 155, 99), 71.0
(60, 179, 118), 38.0
(42, 120, 107), 78.0
(59, 159, 126), 50.0
(88, 142, 149), 42.0
(107, 182, 125), 81.0
(55, 111, 212), 70.0
(116, 195, 76), 52.0
(66, 179, 157), 56.0
(89, 153, 103), 62.0
(23, 168, 152), 60.0
(97, 196, 134), 72.0
(60, 142, 136), 50.0
(4, 157, 160), 52.0
(60, 174, 143), 46.0
(48, 169, 154), 40.0
(50, 168, 127), 52.0
(43, 151, 149), 68.0
(23, 170, 168), 58.0
(18, 190, 148), 50.0
(50, 158, 183), 54.0
(7, 153, 170), 46.0
(54, 165, 122), 52.0
(60, 154, 168), 58.0
(64, 183, 159), 40.0
(85, 185, 80), 68.0
(19, 150, 184), 56.0
(6, 171, 164), 48.0
(87, 180, 111), 76.0
(48, 174, 159), 50.0
(22, 188, 123), 62.0
(28, 150, 166), 50.0
(25, 161, 189), 52.0
(80, 137, 127), 54.0
(31, 192, 150), 46.0
(44, 170, 173), 66.0
(31, 193, 176), 52.0
(55, 175, 133), 48.0
(15, 187, 143), 50.0
(33, 162, 140), 72.0
(38, 166, 148), 64.0
(56, 184, 130), 62.0
(56, 197, 162), 36.0
(42, 196, 142), 40.0
(133, 187, 132), 64.0
(84, 185, 138), 40.0
(45, 204, 134), 44.0
(23, 204, 136), 38.0
(22, 183, 148), 52.0
(26, 169, 173), 46.0
(45, 191, 141), 48.0
(53, 171, 146), 48.0
(28, 183, 145), 62.0
(20, 211, 129), 52.0
(25, 208, 109), 64.0
(53, 197, 128), 50.0
(36, 204, 110), 66.0
(38, 190, 149), 50.0
(15, 184, 158), 44.0
(21, 182, 141), 48.0
(60, 181, 124), 73.0
(36, 212, 152), 56.0
(55, 183, 140), 60.0
(23, 198, 159), 51.0
(23, 186, 137), 44.0
(35, 170, 169), 56.0
(32, 192, 154), 66.0
(14, 193, 160), 42.0
(18, 180, 154), 58.0
(34, 186, 138), 46.0
(12, 175, 141), 46.0
(23, 190, 156), 52.0
(47, 185, 166), 50.0
(9, 193, 166), 42.0
(15, 201, 141), 44.0
(38, 180, 166), 60.0
(83, 187, 134), 54.0
(24, 187, 158), 42.0
(21, 201, 152), 50.0
(27, 196, 169), 44.0
(34, 170, 170), None
(23, 189, 135), 54.0
(18, 190, 147), 54.0
(56, 201, 147), 66.0
(10, 205, 154), 44.0
(26, 184, 161), 80.0
(13, 209, 154), 46.0
(4, 192, 143), 44.0
(44, 204, 159), 36.0
(32, 192, 176), 50.0
(10, 206, 171), 44.0
(37, 200, 175), 46.0
(32, 182, 149), 54.0
(19, 195, 154), 58.0
(39, 204, 143), 40.0
(42, 207, 158), 46.0
(36, 183, 157), 40.0
(36, 201, 140), 48.0
(36, 198, 148), 54.0
(50, 208, 151), 46.0
(45, 200, 143), 59.0
(50, 193, 164), 40.0
(35, 204, 141), 54.0
(82, 196, 134), 42.0
(36, 199, 152), 67.0
(12, 198, 157), 58.0
(84, 182, 158), 40.0
(72, 189, 158), 38.0
(54, 182, 174), 38.0
(76, 186, 127), 48.0
(103, 223, 128), 60.0
(81, 194, 170), 50.0
(51, 193, 144), 40.0
(90, 172, 170), 37.0
(97, 188, 160), 50.0
(20, 169, 184), 66.0
(62, 193, 146), 60.0
(99, 170, 146), 50.0
(76, 193, 161), 42.0
(80, 173, 186), 58.0
(76, 173, 123), 58.0
(78, 192, 152), 72.0
(7, 201, 155), 48.0
(93, 187, 136), 44.0
(52, 213, 144), 42.0
(103, 194, 151), 58.0
(52, 211, 182), 38.0
(71, 160, 196), 50.0
(41, 219, 176), 67.0
(48, 207, 157), 34.0
(57, 210, 134), 64.0
(80, 185, 175), 44.0
(13, 219, 154), 80.0
(92, 187, 165), 46.0
(62, 197, 166), 54.0
(21, 187, 172), 54.0
(57, 202, 151), 60.0
(48, 197, 161), 58.0
(36, 220, 171), 60.0
(68, 216, 153), 68.0
(65, 184, 167), 58.0
(9, 218, 165), 46.0
(66, 171, 158), 52.0
(29, 192, 171), 50.0
(47, 198, 154), 72.0
(95, 189, 140), 56.0
(31, 230, 146), 54.0
(26, 210, 167), 48.0
(19, 200, 178), 40.0
(28, 209, 168), 40.0
(15, 204, 166), 66.0
(8, 186, 189), 48.0
(35, 213, 190), 58.0
(28, 176, 180), 54.0
(83, 189, 170), 53.0
(65, 198, 165), 40.0
(31, 204, 162), 68.0
(29, 203, 164), 52.0
(72, 200, 166), 68.0
(66, 188, 179), 40.0
(53, 198, 176), 80.0
(54, 202, 159), 48.0
(49, 203, 166), 64.0
(53, 193, 176), 70.0
(81, 202, 165), 72.0
(56, 196, 177), 60.0
(47, 217, 159), 67.0
(49, 214, 167), 44.0
(49, 190, 172), 43.0
(47, 189, 173), 42.0
(54, 190, 170), 46.0
(58, 185, 176), 44.0
(73, 185, 175), 44.0
(40, 199, 175), 77.0
(34, 197, 175), 80.0
(16, 191, 183), 52.0
(27, 200, 180), 56.0
(74, 193, 173), 40.0
(42, 183, 179), 40.0
(62, 200, 163), 77.0
(48, 173, 184), 44.0
(60, 186, 173), 54.0
(62, 194, 171), 56.0
(60, 196, 176), 38.0
(60, 191, 181), 50.0
(48, 196, 175), 61.0
(77, 197, 171), 60.0
(53, 197, 181), 46.0
(44, 190, 185), 44.0
(56, 187, 176), 46.0
(48, 212, 181), 42.0
(34, 200, 177), 46.0
(65, 194, 191), 58.0
(119, 194, 187), 60.0
(79, 196, 177), 62.0
(11, 211, 177), 50.0
(57, 211, 172), 66.0
(27, 234, 167), 44.0
(68, 199, 170), 48.0
(12, 202, 182), 40.0
(29, 213, 157), 52.0
(65, 206, 175), 36.0
(38, 232, 168), 52.0
(1, 221, 189), 58.0
(13, 240, 187), 56.0
(82, 207, 167), 50.0
(11, 217, 170), 48.0
(36, 216, 173), 66.0
(62, 203, 172), 48.0
(43, 217, 183), 38.0
(6, 236, 180), 46.0
(41, 212, 183), 50.0
(23, 239, 195), 81.0
(27, 197, 184), 42.0
(21, 226, 184), 64.0
(27, 215, 159), 64.0
(98, 197, 193), 62.0
(43, 205, 175), 42.0
(17, 246, 174), 50.0
(11, 229, 164), 48.0
(46, 179, 190), 46.0
(11, 207, 183), 42.0
(7, 222, 163), 46.0
(69, 180, 185), 54.0
(10, 209, 186), 46.0
(26, 210, 179), 46.0
(16, 207, 172), 54.0
(12, 198, 178), 54.0
(9, 224, 172), 46.0
(30, 226, 170), 48.0
(5, 231, 180), 48.0
(34, 192, 187), 46.0
(58, 168, 188), 42.0
(47, 183, 193), 44.0
(21, 201, 184), 62.0
(46, 169, 193), 54.0
(44, 177, 190), 52.0
(39, 165, 186), 53.0
(60, 180, 183), 77.0
(73, 170, 187), 68.0
(65, 153, 191), 56.0
(63, 178, 191), 54.0
(74, 164, 190), 50.0
(47, 155, 195), 50.0
(59, 183, 189), 54.0
(50, 178, 197), 70.0
(66, 182, 187), 50.0
(84, 144, 199), 44.0
(71, 172, 192), 60.0
(78, 161, 185), 54.0
(61, 158, 197), 44.0
(64, 175, 196), 58.0
(77, 132, 209), 58.0
(42, 174, 188), 54.0
(35, 187, 188), 68.0
(57, 173, 190), 76.0
(88, 159, 190), 40.0
(129, 123, 198), 46.0
(65, 166, 197), 40.0
(44, 200, 180), 59.0
(104, 154, 191), 64.0
(64, 167, 195), 46.0
(56, 187, 186), 54.0
(67, 184, 184), None
(108, 122, 200), 70.0
(118, 155, 191), 78.0
(49, 202, 181), 68.0
(62, 182, 189), 60.0
(56, 155, 199), 80.0
(89, 158, 194), 52.0
(67, 169, 198), 46.0
(41, 191, 180), 50.0
(85, 160, 196), 50.0
(86, 172, 193), 76.0
(90, 158, 200), 50.0
(46, 187, 195), 36.0
(58, 192, 194), 70.0
(71, 172, 189), 48.0
(29, 201, 191), 38.0
(71, 177, 194), 64.0
(53, 204, 196), 44.0
(57, 189, 193), 58.0
(66, 173, 195), 70.0
(67, 176, 204), 46.0
(26, 192, 197), 52.0
(31, 202, 190), 40.0
(69, 179, 196), 65.0
(44, 188, 193), 52.0
(39, 182, 193), 43.0
(31, 199, 192), 48.0
(25, 205, 188), 58.0
(24, 198, 198), None
(36, 187, 196), 44.0
(25, 224, 188), 64.0
(14, 218, 185), 44.0
(26, 201, 186), 50.0
(35, 191, 191), None
(38, 205, 189), 58.0
(47, 187, 193), 38.0
(46, 200, 193), 46.0
(43, 190, 195), 54.0
(23, 216, 185), 40.0
(47, 183, 191), 42.0
(17, 208, 192), 56.0
(31, 203, 193), 42.0
(32, 206, 190), 44.0
(48, 191, 186), 48.0
(28, 214, 181), 44.0
(31, 208, 190), 44.0
(37, 200, 191), 54.0
(37, 203, 191), 50.0
(16, 222, 183), 50.0
(39, 207, 179), 43.0
(50, 175, 198), 66.0
(33, 230, 168), 48.0
(27, 233, 174), 48.0
(8, 247, 175), 46.0
(18, 228, 175), 48.0
(7, 236, 181), 44.0
(28, 218, 175), 84.0
(22, 228, 180), 60.0
(10, 255, 172), 56.0
(35, 197, 181), 40.0
(6, 231, 177), 42.0
(28, 251, 169), 46.0
(8, 254, 174), 40.0
(34, 219, 182), 43.0
(52, 182, 179), 56.0
(47, 162, 196), 52.0
(24, 190, 195), 50.0
(28, 216, 187), 38.0
(19, 240, 164), 64.0
(43, 188, 202), 68.0
(47, 201, 178), 50.0
(68, 173, 189), 42.0
(32, 204, 187), 52.0
(21, 223, 183), 30.0
(15, 220, 190), 50.0
(34, 198, 193), 60.0
(25, 222, 171), 50.0
(49, 177, 190), 40.0
(43, 197, 185), 40.0
(50, 189, 186), 38.0
(62, 173, 193), 40.0
(42, 193, 185), 46.0
(52, 182, 186), 50.0
(46, 192, 190), 50.0
(34, 197, 195), 70.0
(65, 172, 189), 54.0
(58, 175, 190), 60.0
(34, 213, 184), 40.0
(70, 162, 194), 48.0
(56, 190, 182), 54.0
(71, 166, 189), 42.0
(50, 184, 189), 40.0
(56, 189, 185), 54.0
(45, 208, 185), 70.0
(63, 162, 199), 36.0
(35, 195, 191), 60.0
(67, 174, 186), 40.0
(44, 197, 183), 36.0
(54, 173, 192), 68.0
(54, 176, 196), 54.0
(55, 167, 202), 64.0
(78, 142, 203), 40.0
(54, 178, 197), 82.0
(45, 184, 195), 38.0
(50, 173, 198), 54.0
(34, 197, 191), 60.0
(55, 166, 202), 66.0
(65, 171, 193), 74.0
(73, 146, 204), 62.0
(57, 184, 188), 60.0
(31, 210, 186), 40.0
(15, 212, 194), 66.0
(10, 234, 183), 40.0
(19, 222, 185), 72.0
(15, 229, 185), 50.0
(35, 195, 196), 61.0
(42, 187, 195), 48.0
(32, 192, 193), 45.0
(51, 182, 190), 38.0
(59, 153, 204), 65.0
(19, 217, 187), 48.0
(38, 174, 199), 60.0
(34, 201, 186), 54.0
(47, 185, 190), 44.0
(32, 201, 187), 52.0
(22, 212, 184), 42.0
(47, 177, 196), 63.0
(64, 156, 196), 40.0
(39, 186, 194), 52.0
(58, 179, 186), 45.0
(33, 208, 182), 46.0
(1, 235, 183), 42.0
(26, 221, 185), 56.0
(76, 137, 203), 44.0
(29, 201, 188), 46.0
(31, 194, 191), 50.0
(30, 206, 184), 50.0
(42, 197, 187), 50.0
(6, 219, 185), 38.0
(14, 220, 184), 84.0
(65, 155, 193), 47.0
(34, 187, 194), 50.0
(34, 169, 200), 56.0
(32, 194, 186), 42.0
(32, 199, 186), 46.0
(30, 188, 188), None
(1, 215, 186), 42.0
(30, 205, 185), 40.0
(17, 223, 180), 60.0
(17, 209, 185), 54.0
(18, 224, 177), 40.0
(54, 164, 198), 44.0
(28, 192, 189), 42.0
(38, 186, 190), 60.0
(27, 194, 189), 40.0
(21, 199, 183), 40.0
(28, 197, 190), 42.0
(6, 220, 182), 61.0
(20, 219, 179), 38.0
(44, 187, 189), 64.0
(15, 225, 180), 52.0
(47, 173, 194), 79.0
(17, 211, 185), 46.0
(8, 241, 173), 50.0
(21, 214, 178), 50.0
(42, 195, 183), 38.0
(33, 200, 181), 52.0
(15, 224, 178), 44.0
(39, 183, 188), 48.0
(41, 202, 180), 64.0
(34, 198, 186), 46.0
(45, 188, 185), 64.0
(35, 193, 188), 46.0
(19, 216, 181), 38.0
(38, 196, 184), 38.0
(19, 218, 180), 38.0
(35, 200, 182), 62.0
(22, 215, 181), 40.0
(18, 217, 179), 68.0
(40, 195, 186), 46.0
(37, 201, 183), 78.0
(31, 209, 183), 38.0
(15, 226, 178), 46.0
(34, 201, 184), 78.0
(34, 206, 181), 50.0
