Sampler:TPESampler
(196, 70, 130), 64.0
(326, 361, 42), 96.0
(214, 374, 62), 58.0
(50, 284, 341), 96.0
(38, 170, 195), 68.0
(23, 392, 170), 70.0
(357, 20, 370), 56.0
(337, 17, 285), 54.0
(205, 338, 28), 54.0
(23, 378, 217), 56.0
(291, 135, 288), 94.0
(216, 264, 2), 52.0
(265, 257, 272), 72.0
(395, 240, 105), 62.0
(126, 127, 261), 79.0
(126, 202, 324), 86.0
(261, 62, 3), 94.0
(179, 319, 19), 47.0
(118, 310, 90), 46.0
(103, 311, 91), 48.0
(156, 217, 144), 68.0
(84, 307, 87), 82.0
(90, 315, 72), 80.0
(169, 323, 117), 66.0
(93, 288, 36), 76.0
(133, 346, 159), 64.0
(62, 236, 98), 88.0
(172, 277, 62), 74.0
(140, 304, 215), 52.0
(244, 182, 114), 64.0
(1, 338, 25), 52.0
(3, 348, 25), 84.0
(108, 339, 51), 64.0
(70, 398, 81), 54.0
(184, 358, 17), 56.0
(149, 297, 47), 78.0
(228, 258, 0), 67.0
(0, 325, 140), 68.0
(50, 373, 183), 60.0
(25, 375, 63), 56.0
(188, 290, 126), 86.0
(211, 275, 35), 54.0
(139, 311, 214), 78.0
(111, 265, 9), 68.0
(71, 333, 219), 94.0
(226, 236, 233), 92.0
(105, 360, 175), 54.0
(165, 306, 92), 64.0
(45, 383, 256), 50.0
(40, 393, 246), 66.0
(143, 121, 331), 98.0
(12, 378, 303), 46.0
(24, 378, 321), 52.0
(42, 374, 312), 96.0
(57, 357, 289), 78.0
(21, 382, 359), 47.0
(15, 386, 356), 58.0
(81, 365, 397), 58.0
(34, 398, 382), 51.0
(297, 327, 301), 48.0
(305, 324, 356), 82.0
(381, 351, 271), 88.0
(347, 326, 301), 80.0
(293, 385, 253), 82.0
(95, 365, 344), 58.0
(71, 343, 301), 78.0
(266, 315, 279), 96.0
(13, 246, 338), 54.0
(120, 294, 155), 48.0
(121, 220, 149), 78.0
(321, 145, 107), 76.0
(157, 296, 196), 52.0
(122, 272, 130), 48.0
(123, 282, 126), 94.0
(181, 275, 152), 52.0
(118, 5, 78), 94.0
(99, 299, 139), 61.0
(201, 330, 187), 64.0
(82, 310, 115), 52.0
(249, 270, 65), 86.0
(131, 319, 166), 66.0
(58, 286, 98), 50.0
(11, 339, 130), 78.0
(29, 348, 51), 54.0
(150, 287, 99), 60.0
(52, 252, 205), 52.0
(109, 386, 237), 54.0
(67, 297, 85), 68.0
(164, 368, 297), 74.0
(85, 352, 268), 72.0
(38, 63, 315), 56.0
(46, 335, 95), 58.0
(78, 260, 371), 56.0
(55, 282, 104), 64.0
(19, 312, 76), 70.0
(139, 305, 135), 64.0
(102, 293, 122), 56.0
(192, 321, 158), 64.0
(115, 227, 111), 56.0
(30, 188, 89), 102.0
(93, 383, 284), 58.0
(63, 372, 397), 52.0
(33, 398, 371), 92.0
(130, 399, 383), 60.0
(21, 390, 355), 55.0
(10, 359, 377), 73.0
(4, 380, 388), 84.0
(42, 268, 68), 68.0
(74, 304, 349), 52.0
(35, 330, 53), 80.0
(58, 343, 176), 58.0
(62, 372, 390), 75.0
(161, 291, 259), 58.0
(171, 274, 148), 94.0
(52, 250, 222), 54.0
(3, 320, 22), 76.0
(177, 91, 192), 60.0
(257, 282, 323), 84.0
(24, 353, 11), 50.0
(371, 354, 9), 60.0
(230, 361, 11), 72.0
(47, 253, 37), 74.0
(78, 305, 348), 66.0
(28, 379, 57), 74.0
(19, 378, 311), 94.0
(72, 335, 329), 70.0
(4, 392, 23), 61.0
(210, 314, 159), 59.0
(149, 368, 42), 76.0
(274, 263, 245), 78.0
(12, 346, 0), 65.0
(139, 327, 365), 71.0
(176, 296, 165), 48.0
(158, 297, 198), 56.0
(89, 368, 390), 48.0
(89, 390, 364), 50.0
(106, 361, 336), 54.0
(92, 390, 365), 47.0
(93, 387, 121), 48.0
(100, 369, 137), 52.0
(119, 386, 116), 86.0
(90, 388, 375), 50.0
(112, 382, 162), 56.0
(89, 395, 362), 52.0
(94, 391, 103), 44.0
(97, 288, 102), 56.0
(125, 352, 123), 60.0
(107, 313, 110), 56.0
(134, 375, 171), 54.0
(89, 399, 394), 71.0
(101, 392, 92), 48.0
(113, 384, 88), 50.0
(99, 391, 80), 50.0
(100, 391, 131), 52.0
(82, 365, 361), 96.0
(125, 378, 120), 60.0
(90, 389, 376), 52.0
(194, 206, 104), 56.0
(111, 370, 143), 48.0
(115, 356, 151), 68.0
(106, 369, 139), 48.0
(109, 373, 142), 54.0
(117, 362, 145), 52.0
(131, 338, 180), 58.0
(82, 372, 128), 60.0
(104, 378, 153), 54.0
(124, 306, 98), 50.0
(145, 33, 73), 104.0
(92, 384, 117), 54.0
(219, 347, 135), 96.0
(96, 399, 127), 58.0
(85, 390, 375), 57.0
(329, 377, 169), 58.0
(113, 368, 82), 48.0
(182, 365, 85), 70.0
(107, 367, 138), 48.0
(105, 318, 141), 52.0
(118, 366, 110), 56.0
(135, 301, 90), 62.0
(110, 331, 95), 56.0
(126, 371, 133), 46.0
(126, 369, 158), 50.0
(102, 357, 135), 50.0
(115, 376, 120), 48.0
(114, 162, 121), 90.0
(96, 380, 150), 64.0
(120, 372, 111), 46.0
(129, 360, 107), 66.0
(153, 373, 131), 66.0
(121, 368, 70), 58.0
(107, 345, 110), 60.0
(114, 380, 127), 52.0
(137, 385, 147), 52.0
(121, 324, 117), 50.0
(104, 394, 97), 50.0
(111, 374, 136), 76.0
(75, 296, 84), 68.0
(204, 354, 119), 52.0
(172, 310, 102), 54.0
(129, 365, 112), 62.0
(98, 384, 141), 48.0
(98, 382, 140), 48.0
(94, 390, 163), 52.0
(100, 382, 129), 74.0
(144, 370, 145), 74.0
(114, 376, 385), 74.0
(118, 399, 137), 74.0
(80, 387, 154), 52.0
(97, 385, 295), 68.0
(105, 362, 145), 48.0
(305, 358, 90), 50.0
(88, 374, 142), 54.0
(107, 363, 122), 84.0
(101, 380, 399), 60.0
(109, 369, 126), 56.0
(123, 392, 140), 102.0
(120, 317, 156), 48.0
(134, 319, 153), 64.0
(94, 313, 106), 58.0
(87, 385, 342), 96.0
(112, 281, 136), 60.0
(103, 337, 131), 56.0
(123, 302, 205), 52.0
(117, 376, 143), 48.0
(242, 376, 144), 76.0
(112, 362, 137), 60.0
(187, 377, 79), 54.0
(106, 353, 166), 58.0
(97, 399, 114), 84.0
(82, 368, 123), 66.0
(397, 308, 158), 94.0
(127, 326, 152), 48.0
(128, 386, 148), 38.0
(131, 391, 149), 54.0
(126, 293, 173), 54.0
(140, 327, 160), 87.0
(118, 373, 90), 78.0
(120, 383, 145), 92.0
(130, 380, 148), 74.0
(95, 318, 100), 50.0
(118, 301, 162), 48.0
(105, 389, 131), 46.0
(108, 393, 132), 52.0
(117, 382, 140), 48.0
(102, 388, 127), 76.0
(112, 299, 167), 62.0
(128, 329, 153), 48.0
(119, 371, 142), 52.0
(136, 363, 150), 58.0
(93, 387, 306), 52.0
(124, 375, 133), 54.0
(165, 324, 155), 48.0
(177, 393, 351), 75.0
(167, 325, 160), 90.0
(145, 305, 172), 48.0
(358, 385, 334), 78.0
(151, 315, 175), 72.0
(130, 327, 156), 52.0
(110, 347, 144), 58.0
(142, 307, 186), 74.0
(113, 380, 274), 50.0
(125, 317, 153), 56.0
(144, 289, 165), 87.0
(103, 397, 118), 50.0
(120, 382, 135), 52.0
(87, 369, 116), 50.0
(194, 274, 32), 64.0
(70, 386, 137), 54.0
(137, 392, 124), 44.0
(175, 301, 181), 48.0
(151, 394, 111), 56.0
(117, 399, 143), 50.0
(186, 377, 124), 76.0
(167, 341, 174), 56.0
(130, 334, 125), 50.0
(137, 370, 104), 46.0
(133, 360, 383), 48.0
(159, 304, 93), 48.0
(135, 355, 368), 92.0
(164, 388, 104), 44.0
(157, 363, 104), 50.0
(143, 309, 101), 79.0
(101, 392, 225), 72.0
(161, 399, 90), 58.0
(120, 378, 130), 60.0
(127, 334, 109), 54.0
(118, 372, 137), 80.0
(148, 323, 319), 58.0
(137, 383, 151), 64.0
(178, 390, 185), 50.0
(13, 369, 114), 60.0
(168, 320, 160), 78.0
(147, 331, 165), 56.0
(138, 312, 155), 88.0
(159, 347, 165), 52.0
(122, 381, 127), 82.0
(132, 391, 116), 76.0
(173, 389, 102), 50.0
(128, 340, 150), 64.0
(150, 85, 157), 46.0
(155, 75, 284), 52.0
(108, 163, 130), 104.0
(138, 327, 157), 68.0
(148, 224, 183), 86.0
(151, 320, 178), 56.0
(163, 243, 109), 94.0
(142, 91, 169), 60.0
(177, 50, 358), 58.0
(126, 125, 42), 94.0
(142, 363, 146), 82.0
(156, 190, 145), 56.0
(167, 384, 392), 66.0
(185, 392, 198), 52.0
(112, 373, 83), 50.0
(106, 108, 123), 82.0
(136, 286, 167), 50.0
(128, 333, 155), 54.0
(119, 378, 131), 84.0
(289, 313, 180), 68.0
(162, 32, 96), 84.0
(154, 373, 84), 50.0
(97, 359, 118), 69.0
(138, 324, 382), 88.0
(82, 6, 377), 56.0
(118, 380, 138), 56.0
(145, 349, 243), 96.0
(133, 358, 399), 72.0
(172, 362, 369), 56.0
(22, 386, 390), 66.0
(2, 368, 143), 54.0
(150, 308, 192), 56.0
(201, 397, 65), 60.0
(181, 399, 98), 44.0
(197, 399, 96), 38.0
(207, 395, 109), 62.0
(191, 294, 97), 58.0
(185, 398, 92), 54.0
(165, 388, 149), 56.0
(178, 211, 102), 52.0
(213, 399, 211), 68.0
(192, 299, 95), 57.0
(181, 283, 105), 98.0
(201, 138, 76), 66.0
(99, 385, 114), 62.0
(177, 354, 130), 78.0
(233, 389, 97), 64.0
(147, 233, 106), 73.0
(195, 381, 265), 68.0
(171, 398, 325), 60.0
(183, 389, 387), 94.0
(111, 373, 118), 84.0
(9, 392, 163), 64.0
(169, 382, 173), 54.0
(190, 374, 85), 74.0
(163, 112, 337), 56.0
(222, 387, 344), 96.0
(134, 339, 294), 78.0
(155, 305, 58), 62.0
(156, 391, 109), 60.0
(89, 370, 369), 48.0
(377, 397, 311), 112.0
(66, 381, 379), 51.0
(75, 380, 126), 58.0
(175, 398, 118), 74.0
(110, 371, 388), 50.0
(124, 378, 122), 64.0
(170, 391, 98), 70.0
(37, 385, 352), 56.0
(131, 377, 147), 64.0
(141, 399, 16), 46.0
(143, 399, 17), 52.0
(141, 365, 18), 56.0
(180, 399, 99), 43.0
(187, 392, 28), 48.0
(27, 392, 75), 54.0
(197, 399, 9), 56.0
(90, 387, 89), 54.0
(159, 399, 103), 48.0
(184, 148, 94), 80.0
(160, 262, 84), 94.0
(176, 173, 107), 72.0
(171, 399, 102), 60.0
(125, 389, 28), 58.0
(163, 307, 93), 52.0
(116, 378, 114), 88.0
(138, 373, 7), 62.0
(205, 391, 360), 86.0
(187, 388, 109), 54.0
(134, 383, 381), 50.0
(128, 391, 148), 44.0
(349, 399, 0), 56.0
(144, 389, 135), 42.0
(180, 388, 136), 50.0
(147, 393, 99), 59.0
(127, 369, 362), 74.0
(134, 384, 81), 52.0
(18, 399, 367), 73.0
(148, 382, 133), 54.0
(139, 392, 124), 44.0
(137, 392, 123), 46.0
(140, 391, 122), 86.0
(274, 395, 113), 76.0
(136, 391, 124), 42.0
(151, 399, 122), 56.0
(139, 388, 117), 89.0
(140, 379, 122), 78.0
(151, 387, 131), 46.0
(153, 391, 112), 60.0
(153, 387, 122), 52.0
(147, 383, 130), 66.0
(147, 394, 49), 54.0
(190, 399, 26), 73.0
(327, 391, 129), 56.0
(140, 389, 20), 58.0
(160, 380, 103), 79.0
(134, 391, 13), 52.0
(145, 399, 111), 58.0
(138, 383, 130), 60.0
(151, 385, 37), 86.0
(130, 377, 118), 76.0
(166, 399, 135), 54.0
(129, 378, 125), 64.0
(133, 376, 136), 70.0
(203, 391, 27), 66.0
(6, 386, 107), 80.0
(127, 376, 114), 54.0
(142, 392, 127), 60.0
(155, 382, 66), 52.0
(192, 393, 6), 54.0
(164, 399, 104), 53.0
(130, 385, 115), 58.0
(213, 392, 15), 44.0
(215, 193, 94), 54.0
(214, 391, 42), 56.0
(205, 399, 21), 64.0
(222, 385, 16), 58.0
(144, 374, 124), 58.0
(141, 391, 102), 82.0
(154, 384, 111), 58.0
(197, 392, 10), 70.0
(123, 378, 91), 56.0
(0, 399, 132), 60.0
(15, 385, 119), 66.0
(211, 369, 35), 52.0
(135, 392, 99), 90.0
(148, 383, 1), 86.0
(136, 377, 225), 46.0
(135, 374, 110), 68.0
(139, 392, 217), 52.0
(124, 48, 238), 64.0
(230, 77, 127), 56.0
(147, 378, 230), 86.0
(131, 369, 138), 58.0
(152, 399, 120), 56.0
(141, 362, 106), 84.0
(122, 381, 89), 64.0
(134, 388, 257), 96.0
(44, 373, 209), 66.0
(160, 384, 134), 50.0
(127, 391, 100), 60.0
(144, 365, 277), 52.0
(153, 392, 117), 86.0
(137, 399, 73), 60.0
(128, 385, 126), 56.0
(119, 378, 108), 57.0
(145, 375, 136), 52.0
(32, 386, 144), 56.0
(196, 399, 97), 46.0
(192, 393, 85), 62.0
(208, 399, 94), 54.0
(218, 399, 97), 56.0
(201, 392, 113), 46.0
(201, 392, 112), 48.0
(199, 386, 106), 46.0
(202, 384, 104), 78.0
(209, 380, 122), 56.0
(213, 399, 115), 73.0
(190, 388, 87), 54.0
(201, 371, 108), 54.0
(220, 392, 78), 52.0
(235, 20, 129), 70.0
(182, 390, 99), 50.0
(206, 381, 117), 62.0
(195, 392, 123), 48.0
(134, 375, 93), 56.0
(197, 399, 104), 48.0
(197, 94, 110), 116.0
(125, 399, 140), 66.0
(182, 384, 115), 48.0
(210, 390, 129), 62.0
(198, 385, 97), 55.0
(189, 392, 133), 60.0
(210, 370, 91), 46.0
(212, 362, 123), 58.0
(219, 356, 73), 87.0
(204, 367, 105), 66.0
(225, 373, 90), 62.0
(226, 378, 82), 66.0
(153, 215, 249), 56.0
(194, 382, 101), 52.0
Sampler:BoTorchSampler
(119, 9, 379), 65.0
(378, 121, 195), 54.0
(314, 91, 323), 44.0
(355, 162, 12), 52.0
(379, 284, 158), 89.0
(115, 250, 181), 58.0
(141, 136, 148), 52.0
(295, 107, 265), 46.0
(378, 185, 293), 94.0
(88, 175, 65), 76.0
(289, 65, 204), 70.0
(241, 104, 357), 58.0
(262, 127, 107), 60.0
(375, 99, 311), 88.0
(292, 103, 319), 62.0
(186, 165, 264), 53.0
(385, 43, 0), 87.0
(176, 100, 253), 52.0
(103, 151, 316), 62.0
(221, 140, 216), 46.0
(222, 129, 228), 50.0
(217, 174, 176), 80.0
(200, 106, 246), 80.0
(81, 258, 135), 56.0
(33, 280, 330), 48.0
(0, 338, 285), 50.0
(70, 336, 382), 52.0
(0, 270, 305), 64.0
(71, 57, 273), 100.0
(80, 355, 250), 76.0
(108, 253, 212), 92.0
(0, 360, 159), 45.0
(0, 386, 30), 79.0
(0, 371, 81), 60.0
(0, 381, 170), 63.0
(0, 363, 266), 86.0
(275, 396, 212), 85.0
(190, 184, 340), 64.0
(0, 236, 167), 83.0
(195, 229, 72), 56.0
(271, 0, 111), 52.0
(332, 35, 142), 50.0
(265, 0, 260), 74.0
(64, 156, 17), 90.0
(228, 42, 0), 93.0
(52, 260, 228), 70.0
(41, 265, 316), 54.0
(33, 264, 397), 53.0
(109, 266, 393), 60.0
(0, 325, 390), 62.0
(0, 213, 387), 56.0
(312, 0, 148), 89.0
(82, 214, 114), 70.0
(82, 214, 332), 56.0
(176, 323, 116), 52.0
(87, 199, 350), 48.0
(93, 187, 263), 90.0
(88, 178, 237), 90.0
(78, 304, 352), 52.0
(95, 195, 122), 80.0
(83, 179, 323), 54.0
(79, 180, 390), 50.0
(53, 237, 365), 60.0
(98, 200, 121), 64.0
(97, 317, 121), 50.0
(95, 219, 122), 62.0
(94, 30, 122), 94.0
(102, 120, 117), 58.0
(99, 87, 119), 96.0
(106, 251, 114), 56.0
(105, 374, 115), 52.0
(169, 374, 71), 50.0
(259, 334, 27), 70.0
(103, 74, 115), 94.0
(103, 249, 114), 56.0
(101, 241, 115), 70.0
(102, 102, 115), None
(102, 167, 115), 68.0
(100, 119, 116), 72.0
(98, 207, 118), 60.0
(96, 316, 118), 105.0
(136, 178, 108), 94.0
(140, 189, 284), 64.0
(145, 187, 204), 52.0
(142, 198, 114), 64.0
(143, 196, 297), 50.0
(152, 202, 23), 58.0
(152, 209, 113), 85.0
(154, 213, 66), 64.0
(153, 212, 140), 52.0
(154, 215, 53), 78.0
(153, 214, 277), 80.0
(148, 190, 235), 82.0
(146, 185, 59), 70.0
(145, 185, 49), 90.0
(144, 184, 105), 83.0
(142, 184, 334), 73.0
(120, 384, 295), 79.0
(0, 157, 220), 63.0
(6, 168, 121), 84.0
(0, 167, 292), 91.0
(150, 187, 143), 62.0
(125, 200, 338), 54.0
(137, 187, 29), 62.0
(129, 198, 103), 44.0
(139, 203, 107), 56.0
(135, 203, 238), 52.0
(121, 233, 248), 72.0
(132, 225, 115), 72.0
(140, 225, 170), 88.0
(174, 237, 197), 86.0
(144, 218, 364), 50.0
(133, 214, 318), 76.0
(153, 161, 280), 56.0
(168, 144, 374), 66.0
(76, 251, 73), 68.0
(75, 250, 299), 77.0
(0, 266, 43), 117.0
(80, 233, 161), 56.0
(79, 232, 272), 55.0
(77, 241, 221), 54.0
(72, 248, 376), 64.0
(0, 102, 312), 54.0
(0, 164, 20), 87.0
(0, 166, 214), 71.0
(0, 163, 355), 58.0
(0, 123, 275), 55.0
(0, 126, 379), 103.0
(247, 394, 334), 101.0
(170, 248, 0), 81.0
(0, 40, 375), 51.0
(248, 11, 293), 56.0
(106, 9, 95), 86.0
(47, 248, 345), 66.0
(255, 0, 155), 62.0
(254, 0, 101), 53.0
(253, 0, 31), 54.0
(254, 0, 61), 71.0
(252, 0, 128), 68.0
(250, 0, 218), 57.0
(249, 0, 312), 82.0
(52, 368, 87), 52.0
(0, 362, 322), 62.0
(155, 302, 23), 50.0
(155, 393, 0), 52.0
(152, 206, 0), 87.0
(159, 29, 0), 50.0
(157, 257, 0), 64.0
(156, 219, 0), 66.0
(154, 200, 0), 65.0
(153, 35, 0), 90.0
(154, 397, 0), 56.0
(194, 218, 0), 80.0
(50, 240, 125), 88.0
(285, 321, 236), 80.0
(122, 101, 0), 65.0
(180, 337, 151), 58.0
(112, 111, 331), 65.0
(129, 90, 0), 64.0
(135, 81, 29), 84.0
(131, 66, 0), 94.0
(133, 398, 0), 60.0
(283, 240, 97), 60.0
(189, 304, 68), 52.0
(218, 366, 0), 50.0
(214, 263, 0), 50.0
(212, 158, 0), 62.0
(221, 112, 0), 91.0
(217, 213, 0), 60.0
(217, 398, 0), 54.0
(345, 176, 0), 52.0
(237, 66, 0), 64.0
(353, 217, 0), 60.0
(274, 326, 0), 58.0
(8, 355, 0), 50.0
(54, 334, 0), 46.0
(116, 195, 0), 82.0
(116, 32, 0), 70.0
(115, 338, 0), 52.0
(113, 304, 0), 63.0
(117, 126, 0), 89.0
(116, 384, 0), 49.0
(115, 337, 0), 52.0
(116, 241, 0), 87.0
(107, 74, 0), 85.0
(111, 303, 0), 71.0
(133, 319, 47), 78.0
(168, 305, 0), 71.0
(205, 37, 0), 81.0
(331, 289, 0), 78.0
(102, 19, 0), 89.0
(100, 100, 0), None
(97, 352, 0), 48.0
(99, 182, 0), 91.0
(99, 321, 0), 49.0
(96, 22, 0), 59.0
(97, 313, 0), 54.0
(95, 25, 0), 79.0
(97, 356, 0), 54.0
(95, 191, 0), 60.0
(94, 247, 0), 58.0
(96, 168, 0), 73.0
(97, 372, 0), 46.0
(92, 123, 0), 78.0
(94, 77, 0), 66.0
(97, 198, 0), 74.0
(95, 185, 0), 73.0
(91, 109, 0), 68.0
(96, 292, 0), 50.0
(94, 27, 0), 86.0
(95, 68, 0), 61.0
(94, 367, 0), 55.0
(92, 328, 0), 53.0
(92, 362, 0), 67.0
(172, 282, 0), 60.0
(72, 340, 291), 44.0
(161, 350, 0), 60.0
(0, 161, 9), 87.0
(189, 348, 248), 108.0
(80, 349, 0), 68.0
(0, 189, 94), 60.0
(183, 189, 0), 60.0
(100, 350, 0), 66.0
(0, 284, 286), 88.0
(65, 395, 102), 64.0
(16, 158, 0), 70.0
(173, 338, 58), 80.0
(123, 21, 13), 100.0
(285, 292, 364), 82.0
(299, 292, 214), 86.0
(109, 25, 165), 88.0
(164, 373, 258), 54.0
(143, 356, 312), 66.0
(3, 213, 379), 66.0
(0, 287, 351), 68.0
(296, 122, 75), 52.0
(254, 350, 280), 86.0
(65, 319, 350), 50.0
(117, 356, 327), 90.0
(343, 161, 37), 54.0
(32, 37, 78), None
(321, 47, 240), 62.0
(188, 235, 156), 56.0
(154, 0, 28), 92.0
(300, 0, 306), 100.0
(113, 15, 359), 86.0
(0, 314, 28), 50.0
(248, 79, 352), 56.0
(258, 50, 120), 62.0
(40, 100, 199), 82.0
(12, 230, 25), 56.0
(213, 281, 182), 52.0
(105, 361, 355), 56.0
(385, 394, 213), 84.0
(168, 154, 0), 79.0
(83, 298, 268), 54.0
(267, 213, 170), 56.0
(102, 80, 7), 71.0
(216, 321, 366), 72.0
(315, 136, 130), 70.0
(98, 273, 347), 72.0
(264, 200, 168), 82.0
(247, 250, 42), 66.0
(150, 125, 166), 82.0
(93, 293, 160), 42.0
(63, 118, 66), 42.0
(186, 331, 251), 58.0
(145, 381, 377), 63.0
(66, 124, 165), 104.0
(123, 85, 48), 100.0
(285, 311, 79), 52.0
(125, 279, 112), 66.0
(98, 166, 384), 58.0
(61, 165, 43), 98.0
(214, 220, 343), 60.0
(37, 308, 316), 68.0
(108, 318, 66), 79.0
(345, 124, 293), 62.0
(101, 127, 119), 58.0
(19, 220, 37), 54.0
(207, 81, 121), 92.0
(250, 192, 254), 56.0
(230, 167, 327), 56.0
(318, 285, 283), 50.0
(195, 1, 166), 68.0
(84, 368, 62), 98.0
(280, 261, 266), 104.0
(196, 23, 150), 62.0
(43, 286, 342), 94.0
(344, 266, 207), 108.0
(380, 73, 234), 52.0
(109, 23, 176), 66.0
(91, 28, 358), 74.0
(232, 384, 70), 62.0
(330, 130, 331), 54.0
(348, 115, 177), 98.0
(250, 298, 383), 63.0
(344, 300, 9), 94.0
(137, 173, 24), 66.0
(292, 76, 359), 74.0
(399, 289, 238), 90.0
(239, 201, 93), 60.0
(317, 265, 31), 52.0
(193, 277, 271), 70.0
(298, 127, 134), 72.0
(157, 129, 13), 70.0
(319, 23, 129), 70.0
(36, 36, 103), None
(152, 335, 230), 64.0
(262, 181, 276), 70.0
(353, 394, 316), 75.0
(160, 197, 102), 58.0
(12, 89, 103), 58.0
(356, 225, 323), 80.0
(80, 316, 382), 60.0
(77, 355, 254), 54.0
(261, 297, 37), 48.0
(191, 253, 211), 62.0
(227, 205, 78), 58.0
(60, 15, 388), 50.0
(34, 378, 336), 76.0
(168, 251, 373), 78.0
(32, 59, 69), 88.0
(16, 3, 372), 46.0
(288, 174, 222), 60.0
(348, 287, 301), 70.0
(135, 258, 150), 76.0
(229, 323, 310), 62.0
(72, 76, 193), 80.0
(399, 307, 91), 53.0
(132, 338, 351), 68.0
(1, 303, 136), 58.0
(349, 8, 183), 72.0
(223, 277, 250), 44.0
(140, 311, 97), 56.0
(103, 173, 237), 68.0
(249, 243, 325), 64.0
(223, 82, 134), 72.0
(211, 242, 57), 68.0
(384, 201, 216), 62.0
(176, 1, 136), 76.0
(115, 296, 293), 94.0
(291, 84, 191), 56.0
(59, 90, 169), 74.0
(307, 282, 178), 60.0
(57, 13, 270), 60.0
(279, 355, 389), 104.0
(48, 87, 67), 80.0
(267, 312, 206), 96.0
(29, 96, 311), 60.0
(208, 140, 291), 80.0
(125, 179, 186), 56.0
(371, 221, 392), 73.0
(239, 272, 246), 90.0
(334, 206, 245), 66.0
(326, 380, 115), 54.0
(397, 41, 274), 64.0
(227, 209, 201), 64.0
(36, 89, 210), 58.0
(145, 200, 315), 62.0
(199, 86, 356), 57.0
(151, 182, 361), 56.0
(165, 200, 259), 62.0
(219, 234, 277), 80.0
(354, 334, 389), 86.0
(299, 285, 221), 58.0
(90, 67, 394), 52.0
(354, 139, 175), 80.0
(266, 280, 230), 100.0
(200, 223, 136), 70.0
(53, 333, 161), 46.0
(162, 198, 383), 50.0
(278, 331, 136), 92.0
(241, 269, 272), 78.0
(35, 89, 129), 80.0
(220, 230, 160), 70.0
(152, 376, 264), 64.0
(249, 261, 277), 42.0
(370, 257, 129), 52.0
(234, 217, 21), 66.0
(321, 209, 214), 68.0
(12, 385, 174), 62.0
(229, 147, 106), 90.0
(94, 327, 235), 68.0
(311, 182, 354), 70.0
(184, 86, 59), 62.0
(294, 334, 109), 66.0
(29, 269, 372), 66.0
(242, 315, 147), 60.0
(126, 349, 73), 52.0
(67, 114, 135), 98.0
(217, 283, 184), 54.0
(392, 345, 152), 61.0
(200, 322, 142), 79.0
(335, 359, 17), 92.0
(50, 232, 94), 78.0
(114, 172, 295), 48.0
(395, 82, 147), 86.0
(366, 251, 277), 54.0
(206, 91, 98), 60.0
(358, 125, 324), 54.0
(79, 114, 105), 79.0
(251, 338, 84), 74.0
(91, 171, 116), 64.0
(282, 162, 4), 58.0
(392, 389, 140), 81.0
(128, 55, 135), 90.0
(385, 323, 152), 56.0
(261, 219, 390), 71.0
(86, 242, 107), 80.0
(177, 240, 12), 62.0
(202, 352, 95), 48.0
(290, 171, 255), 54.0
(365, 140, 262), 82.0
(390, 23, 245), 58.0
(205, 91, 334), 56.0
(262, 16, 385), 60.0
(224, 113, 184), 88.0
(36, 271, 97), 94.0
(113, 205, 218), 60.0
(317, 395, 242), 98.0
(268, 157, 259), 83.0
(393, 317, 158), 98.0
(241, 286, 70), 64.0
(5, 86, 57), 74.0
(308, 26, 255), 48.0
(220, 356, 14), 44.0
(123, 269, 1), 68.0
(397, 305, 354), 84.0
(355, 353, 30), 76.0
(183, 27, 53), 96.0
(165, 103, 142), 80.0
(390, 142, 119), 50.0
(220, 197, 228), 56.0
(377, 162, 296), 82.0
(367, 0, 310), 78.0
(93, 140, 168), 68.0
(359, 181, 388), 55.0
(211, 196, 197), 86.0
(37, 173, 261), 70.0
(198, 135, 348), 94.0
(77, 84, 41), 84.0
(315, 97, 313), 92.0
(58, 394, 271), 89.0
(293, 150, 363), 54.0
(370, 40, 24), 96.0
(262, 62, 57), 66.0
(152, 86, 219), 80.0
(255, 89, 354), 64.0
(165, 23, 171), 58.0
(228, 16, 374), 52.0
(0, 199, 253), 64.0
(154, 272, 127), 44.0
(180, 371, 73), 48.0
(199, 235, 344), 75.0
(174, 326, 392), 90.0
(168, 291, 323), 58.0
(280, 337, 164), 78.0
(140, 157, 72), 62.0
(249, 108, 15), 62.0
(5, 133, 117), 66.0
(41, 159, 300), 50.0
(295, 300, 392), 84.0
(368, 360, 207), 74.0
(6, 358, 358), None
(364, 129, 327), 54.0
(76, 27, 288), 50.0
(88, 10, 110), 94.0
(159, 60, 60), None
(62, 85, 49), 78.0
(315, 17, 160), 44.0
(98, 90, 205), 56.0
(209, 105, 4), 88.0
(192, 237, 203), 60.0
(205, 202, 244), 80.0
(361, 110, 186), 70.0
(289, 382, 361), 115.0
(254, 112, 280), 52.0
(389, 0, 360), 76.0
(114, 251, 365), 74.0
(20, 221, 337), 50.0
(288, 222, 217), 62.0
(389, 217, 57), 56.0
(200, 130, 138), 44.0
(94, 25, 142), 96.0
(198, 159, 357), 40.0
(250, 106, 360), 72.0
(200, 41, 239), 52.0
(260, 79, 168), 60.0
(174, 228, 144), 68.0
(323, 153, 276), 52.0
(291, 70, 18), 60.0
(308, 245, 266), 101.0
(253, 388, 374), 82.0
(367, 159, 124), 50.0
(385, 232, 256), 58.0
(79, 129, 266), 58.0
(363, 118, 100), 48.0
(71, 81, 290), 52.0
(195, 71, 308), 60.0
Sampler:CmaEsSampler
(395, 217, 261), 85.0
(165, 224, 250), 74.0
(299, 251, 214), 99.0
(309, 59, 147), 54.0
(326, 212, 128), 60.0
(264, 127, 256), 54.0
(219, 219, 258), None
(304, 205, 166), 86.0
(148, 249, 228), 86.0
(317, 67, 158), 78.0
(229, 161, 352), 72.0
(349, 77, 165), 54.0
(263, 73, 115), 62.0
(254, 296, 204), 84.0
(250, 131, 124), 50.0
(327, 112, 147), 58.0
(335, 82, 197), 54.0
(364, 19, 141), 54.0
(257, 190, 120), 56.0
(242, 69, 284), 94.0
(352, 157, 90), 78.0
(171, 134, 116), 110.0
(255, 140, 198), 54.0
(230, 135, 179), 82.0
(363, 13, 209), 62.0
(324, 14, 161), 64.0
(297, 240, 221), 80.0
(385, 125, 238), 46.0
(344, 12, 221), 64.0
(351, 168, 182), 64.0
(352, 111, 178), 74.0
(305, 68, 253), 54.0
(244, 197, 99), 50.0
(269, 154, 178), 60.0
(301, 47, 249), 76.0
(359, 23, 163), 54.0
(331, 98, 342), 54.0
(232, 110, 51), 72.0
(234, 148, 199), 72.0
(369, 79, 135), 96.0
(235, 87, 168), 62.0
(323, 104, 177), 46.0
(258, 236, 145), 86.0
(333, 130, 287), 50.0
(328, 60, 138), 52.0
(283, 127, 97), 58.0
(322, 45, 143), 52.0
(300, 170, 212), 62.0
(379, 132, 239), 96.0
(378, 84, 229), 74.0
(391, 80, 267), 76.0
(264, 111, 72), 86.0
(310, 184, 157), 58.0
(354, 80, 90), 54.0
(193, 97, 57), 84.0
(257, 54, 124), 68.0
(251, 47, 78), 58.0
(319, 129, 113), 70.0
(393, 21, 95), 46.0
(288, 81, 90), 50.0
(326, 64, 43), 82.0
(374, 20, 52), 48.0
(287, 147, 157), 46.0
(350, 63, 118), 50.0
(313, 81, 125), 86.0
(376, 58, 37), 66.0
(353, 16, 26), 53.0
(397, 66, 74), 58.0
(365, 73, 198), 62.0
(382, 65, 105), 50.0
(393, 38, 197), 42.0
(346, 96, 143), 50.0
(321, 173, 198), 64.0
(353, 76, 289), 76.0
(377, 88, 101), 58.0
(269, 111, 342), 56.0
(282, 49, 99), 56.0
(393, 40, 199), 50.0
(394, 103, 130), 58.0
(284, 68, 177), 50.0
(373, 59, 382), 54.0
(366, 64, 296), 52.0
(305, 97, 242), 56.0
(304, 66, 248), 66.0
(399, 54, 233), 79.0
(347, 101, 122), 80.0
(249, 127, 258), 54.0
(245, 119, 200), 60.0
(265, 136, 256), 64.0
(357, 78, 204), 52.0
(273, 73, 160), 48.0
(256, 53, 169), 62.0
(302, 102, 302), None
(311, 103, 240), 86.0
(209, 128, 178), 54.0
(279, 103, 230), 66.0
(280, 87, 186), 70.0
(185, 167, 260), 103.0
(259, 107, 52), 82.0
(305, 81, 142), 78.0
(286, 45, 83), 96.0
(199, 155, 47), 86.0
(162, 148, 155), 54.0
(226, 135, 127), 60.0
(345, 22, 162), 52.0
(180, 113, 138), 48.0
(201, 122, 96), 74.0
(195, 149, 286), 56.0
(209, 151, 208), 49.0
(175, 84, 158), 96.0
(228, 108, 52), 70.0
(175, 103, 142), 82.0
(299, 20, 70), 58.0
(204, 64, 132), 70.0
(260, 132, 290), 50.0
(308, 25, 109), 80.0
(244, 98, 185), 62.0
(226, 161, 211), 74.0
(240, 81, 153), 60.0
(273, 135, 277), 78.0
(232, 120, 260), 60.0
(291, 57, 143), 56.0
(167, 92, 93), 93.0
(211, 118, 179), 93.0
(298, 71, 186), 58.0
(299, 55, 122), 56.0
(265, 68, 191), 56.0
(242, 111, 215), 60.0
(179, 163, 180), 76.0
(320, 44, 155), 54.0
(272, 84, 100), 54.0
(293, 77, 144), 54.0
(265, 93, 168), 94.0
(277, 128, 259), 75.0
(286, 81, 135), 52.0
(337, 66, 147), 70.0
(259, 116, 136), 50.0
(257, 83, 59), 83.0
(283, 83, 148), 76.0
(319, 89, 97), 82.0
(223, 138, 181), 60.0
(361, 26, 110), 76.0
(311, 74, 176), 82.0
(275, 116, 95), 97.0
(223, 106, 115), 64.0
(181, 158, 190), 46.0
(295, 69, 180), 54.0
(297, 116, 84), 58.0
(210, 165, 188), 86.0
(231, 113, 189), 60.0
(288, 61, 176), 56.0
(167, 155, 185), 74.0
(251, 80, 181), 58.0
(278, 82, 156), 56.0
(231, 125, 93), 56.0
(250, 131, 119), 56.0
(140, 203, 193), 54.0
(224, 112, 230), 50.0
(133, 158, 243), 64.0
(192, 125, 192), None
(245, 118, 122), 54.0
(178, 172, 157), 90.0
(175, 152, 216), 102.0
(138, 222, 221), 80.0
(274, 66, 168), 72.0
(278, 80, 184), 56.0
(208, 111, 261), 74.0
(257, 121, 165), 84.0
(175, 154, 236), 89.0
(250, 109, 207), 54.0
(216, 132, 156), 86.0
(213, 127, 220), 58.0
(209, 144, 167), 86.0
(239, 111, 187), 58.0
(280, 100, 186), 70.0
(282, 87, 183), 80.0
(244, 87, 167), 64.0
(211, 110, 169), 54.0
(252, 107, 182), 52.0
(183, 134, 185), 70.0
(226, 135, 209), 86.0
(278, 66, 198), 72.0
(236, 102, 168), 64.0
(217, 105, 176), 82.0
(265, 78, 161), 54.0
(280, 78, 187), 76.0
(228, 97, 144), 58.0
(272, 57, 148), 68.0
(216, 129, 188), 50.0
(203, 106, 166), 60.0
(243, 96, 174), 54.0
(200, 130, 177), 52.0
(223, 112, 172), 52.0
(221, 126, 176), 62.0
(204, 142, 204), None
(192, 146, 183), 64.0
(238, 117, 178), 72.0
(220, 110, 177), 62.0
(206, 110, 173), 48.0
(229, 112, 196), 48.0
(224, 103, 165), 68.0
(233, 87, 187), 50.0
(246, 82, 171), 60.0
(193, 109, 176), 68.0
(201, 131, 195), 68.0
(179, 165, 199), 67.0
(214, 109, 173), 98.0
(203, 128, 175), 70.0
(310, 35, 155), 60.0
(279, 41, 130), 60.0
(211, 108, 167), 48.0
(203, 119, 182), 72.0
(238, 71, 161), 64.0
(261, 60, 186), 67.0
(245, 79, 175), 54.0
(229, 98, 214), 74.0
(233, 81, 166), 92.0
(256, 70, 193), 82.0
(234, 89, 174), 96.0
(236, 83, 158), 88.0
(238, 91, 165), 58.0
(265, 66, 159), 52.0
(246, 84, 187), 60.0
(267, 65, 156), 52.0
(230, 95, 193), 84.0
(251, 72, 177), 58.0
(269, 74, 149), 62.0
(220, 95, 180), 72.0
(223, 86, 158), 58.0
(276, 53, 152), 66.0
(236, 85, 157), 90.0
(240, 81, 170), 58.0
(253, 69, 154), 96.0
(256, 65, 164), 48.0
(248, 78, 162), 56.0
(211, 104, 164), 50.0
(223, 98, 170), 64.0
(239, 88, 169), 68.0
(231, 94, 176), 74.0
(258, 50, 163), 62.0
(248, 67, 170), 68.0
(270, 70, 157), 52.0
(231, 82, 153), 54.0
(262, 55, 151), 80.0
(269, 63, 161), 80.0
(231, 88, 160), 50.0
(284, 62, 147), 82.0
(272, 50, 141), 46.0
(297, 44, 139), 71.0
(248, 71, 150), 78.0
(273, 68, 153), 98.0
(280, 34, 135), 64.0
(238, 64, 150), 68.0
(285, 46, 134), 52.0
(288, 40, 133), 52.0
(298, 32, 151), 58.0
(274, 64, 157), 56.0
(284, 64, 155), 52.0
(297, 38, 140), 52.0
(250, 76, 146), 58.0
(327, 19, 128), 52.0
(267, 59, 147), 50.0
(266, 66, 161), 84.0
(254, 72, 159), 83.0
(285, 56, 137), 50.0
(251, 80, 185), 70.0
(276, 54, 148), 58.0
(282, 57, 154), 60.0
(295, 44, 142), 52.0
(273, 66, 141), 50.0
(286, 46, 117), 52.0
(273, 59, 151), 80.0
(262, 89, 159), 60.0
(257, 80, 147), 70.0
(282, 57, 135), 60.0
(319, 47, 112), 76.0
(258, 59, 137), 80.0
(276, 54, 162), 50.0
(259, 76, 155), 56.0
(273, 70, 155), 90.0
(270, 55, 173), 82.0
(268, 80, 160), 88.0
(292, 52, 142), 44.0
(245, 89, 170), 58.0
(273, 74, 160), 50.0
(279, 66, 169), 76.0
(285, 62, 143), 84.0
(251, 89, 159), 52.0
(277, 66, 153), 82.0
(293, 63, 149), 74.0
(287, 54, 125), 56.0
(260, 82, 174), 56.0
(244, 97, 153), 92.0
(272, 68, 148), 58.0
(266, 73, 151), 80.0
(273, 67, 147), 58.0
(246, 103, 156), 56.0
(269, 74, 153), 76.0
(246, 92, 157), 52.0
(281, 61, 124), 80.0
(245, 100, 159), 52.0
(233, 110, 156), 66.0
(247, 97, 153), 94.0
(299, 47, 143), 60.0
(229, 122, 175), 62.0
(244, 85, 148), 72.0
(259, 81, 169), 56.0
(252, 93, 153), 88.0
(303, 53, 142), 64.0
(258, 87, 129), 87.0
(240, 104, 168), 62.0
(256, 92, 158), 88.0
(242, 98, 150), 64.0
(255, 92, 172), 72.0
(295, 59, 173), 77.0
(249, 96, 180), 60.0
(254, 83, 188), 76.0
(254, 91, 160), 52.0
(242, 94, 184), 72.0
(234, 100, 163), 54.0
(248, 100, 162), 106.0
(261, 95, 156), 52.0
(283, 56, 158), 50.0
(234, 111, 171), 58.0
(242, 105, 161), 90.0
(236, 101, 168), 62.0
(236, 110, 176), 96.0
(306, 48, 151), 64.0
(229, 105, 177), 58.0
(299, 55, 149), 58.0
(276, 72, 158), 98.0
(256, 90, 167), 58.0
(300, 51, 159), 62.0
(239, 99, 168), 61.0
(245, 94, 175), 52.0
(285, 67, 152), 56.0
(267, 78, 155), 64.0
(275, 72, 160), 52.0
(265, 83, 164), 72.0
(241, 102, 160), 90.0
(253, 88, 165), 48.0
(244, 95, 170), 88.0
(257, 84, 171), 80.0
(251, 91, 172), 88.0
(238, 97, 179), 78.0
(272, 75, 163), 52.0
(264, 75, 163), 66.0
(253, 87, 168), 62.0
(251, 88, 167), 62.0
(275, 69, 163), 54.0
(292, 53, 154), 82.0
(270, 71, 156), 50.0
(266, 79, 167), 54.0
(270, 73, 161), 54.0
(255, 91, 168), 56.0
(266, 80, 161), 94.0
(275, 68, 155), 92.0
(259, 82, 168), 72.0
(259, 85, 166), 60.0
(283, 55, 153), 68.0
(273, 70, 157), 86.0
(285, 60, 149), 74.0
(264, 78, 161), 58.0
(274, 68, 159), 68.0
(268, 72, 160), 52.0
(269, 69, 162), 50.0
(279, 62, 155), 58.0
(274, 69, 167), 56.0
(265, 79, 164), 52.0
(258, 78, 162), 54.0
(281, 60, 158), 48.0
(251, 84, 164), 56.0
(273, 71, 158), 90.0
(279, 57, 160), 52.0
(276, 59, 158), 80.0
(261, 78, 168), 64.0
(287, 51, 158), 46.0
(290, 50, 159), 54.0
(264, 76, 162), 58.0
(256, 81, 167), 84.0
(241, 97, 176), 50.0
(280, 58, 156), 58.0
(277, 64, 160), 52.0
(301, 44, 159), 50.0
(252, 82, 168), 80.0
(286, 53, 167), 70.0
(270, 71, 163), 52.0
(277, 63, 160), 48.0
(253, 83, 169), 82.0
(252, 84, 167), 78.0
(267, 72, 168), 94.0
(270, 67, 164), 52.0
(275, 65, 158), 74.0
(303, 42, 153), 54.0
(293, 51, 158), 82.0
(298, 48, 163), 58.0
(277, 59, 163), 49.0
(272, 62, 164), 62.0
(279, 64, 166), 62.0
(272, 63, 159), 58.0
(285, 51, 156), 48.0
(265, 71, 160), 78.0
(255, 76, 168), 58.0
(281, 53, 158), 60.0
(281, 62, 160), 67.0
(269, 64, 157), 56.0
(285, 52, 154), 58.0
(288, 47, 152), 58.0
(280, 54, 164), 66.0
(278, 64, 155), 66.0
(266, 74, 155), 52.0
(304, 30, 142), 84.0
(256, 76, 157), 72.0
(263, 72, 157), 58.0
(285, 46, 149), 66.0
(270, 67, 159), 52.0
(274, 64, 164), 52.0
(271, 65, 164), 60.0
(275, 63, 154), 62.0
(262, 75, 148), 80.0
(259, 79, 167), 57.0
(276, 60, 162), 48.0
(277, 59, 157), 78.0
(278, 57, 164), 50.0
(281, 56, 164), 64.0
(269, 68, 165), 68.0
(282, 54, 158), 52.0
(271, 68, 166), 60.0
(267, 66, 170), 64.0
(253, 89, 164), 48.0
(268, 64, 167), 82.0
(253, 85, 163), 52.0
(261, 86, 164), 66.0
(257, 84, 168), 74.0
(270, 75, 164), 56.0
(264, 81, 161), 94.0
(269, 77, 157), 62.0
(247, 100, 155), 58.0
(270, 66, 162), 54.0
(267, 79, 162), 60.0
(262, 82, 159), 54.0
(252, 90, 158), 52.0
(241, 95, 162), 64.0
(285, 58, 145), 54.0
(269, 63, 167), 82.0
(250, 94, 161), 56.0
(260, 90, 165), 74.0
(265, 76, 151), 80.0
(253, 89, 157), 62.0
(253, 90, 161), 50.0
(242, 103, 162), 76.0
(254, 90, 157), 88.0
(236, 102, 161), 50.0
(243, 101, 170), 64.0
(247, 97, 161), 56.0
(263, 84, 160), 88.0
(258, 91, 165), 62.0
(264, 78, 162), 58.0
(234, 105, 159), 64.0
(229, 114, 164), 60.0
(221, 123, 164), 48.0
(248, 93, 164), 52.0
(230, 112, 161), 54.0
(244, 101, 167), 70.0
(265, 76, 159), 54.0
(208, 137, 163), 52.0
(243, 100, 161), 70.0
(236, 104, 165), 50.0
(200, 146, 160), 108.0
(252, 89, 156), 62.0
(248, 92, 164), 54.0
(234, 107, 165), 50.0
(222, 121, 171), 62.0
(243, 101, 167), 68.0
(233, 103, 163), 52.0
(242, 94, 168), 86.0
(269, 67, 163), 60.0
(237, 110, 170), 58.0
(241, 100, 162), 60.0
(232, 107, 163), 50.0
(265, 74, 158), 46.0
(249, 97, 163), 62.0
(224, 115, 168), 84.0
(218, 121, 165), 84.0
(250, 84, 167), 82.0
(229, 104, 164), 80.0
(248, 91, 158), 52.0
(252, 87, 161), 52.0
(268, 75, 156), 62.0
(241, 100, 161), 54.0
(271, 66, 163), 58.0
(266, 71, 164), 72.0
(272, 65, 158), 54.0
(218, 123, 164), 58.0
(275, 64, 153), 66.0
(248, 90, 160), 56.0
(254, 85, 159), 64.0
(268, 74, 157), 58.0
